-70 14.9
-68.3673 16
-66.7347 17.1
-65.102 18
-63.4694 18.9
-61.8367 19.8
-60.2041 20.6
-58.5714 21.4
-56.9388 22.2
-55.3061 23
-53.6735 23.8
-52.0408 24.5
-50.4082 25.3
-48.7755 26.1
-47.1429 26.8
-45.5102 27.6
-43.8776 28.4
-42.2449 29.2
-40.6122 30.1
-38.9796 31.1
-37.3469 32.2
-35.7143 33.6
-34.0816 35.6
-32.449 42.7
-30.8163 174.3
-29.1837 172.1
-27.551 171
-25.9184 170.3
-24.2857 169.7
-22.6531 169.2
-21.0204 168.7
-19.3878 168.2
-17.7551 167.8
-16.1224 167.3
-14.4898 166.9
-12.8571 166.4
-11.2245 166
-9.59184 165.6
-7.95918 165.1
-6.32653 164.6
-4.69388 164.1
-3.06122 163.6
-1.42857 163.2
0.204082 162.7
1.83673 162.3
3.46939 161.7
5.10204 161.2
6.73469 160.8
8.36735 160.3
10 159.9
