13 1.35 1.4 1.45 1.5 1.55 1.6 1.65 1.7 1.75 1.8 1.85 1.9 1.95 
27 128.4 136 146 156.9 168.4 180.2 192.1 204.2 216.2 228.4 240.5 252.8 265 277.3 289.6 301.8 314.2 326.5 338.8 351.1 363.5 375.8 388.2 400.6 412.9 425.4 437.7 
27 40.3 41.8 42.8 43.6 44.2 44.6 45.1 45.4 45.8 46.2 46.5 46.8 47.1 47.3 47.5 47.8 48 48.2 48.4 48.6 48.8 49 49.2 49.3 49.5 49.6 49.8 
27 119.3 128.8 139.7 151.1 162.9 174.9 187 199.2 211.4 223.7 236 248.3 260.6 272.9 285.3 297.6 309.9 322.3 334.7 347.1 359.5 371.8 384.2 396.6 409 421.5 433.9 
27 44.6 45.7 46.5 47.2 47.7 48.2 48.6 48.9 49.3 49.7 49.9 50.2 50.5 50.9 51.1 51.4 51.7 51.9 52 52.3 52.5 52.7 52.9 53.1 53.3 53.4 53.5 
27 114.2 124.2 135.1 146.7 158.6 170.6 182.8 195 207.3 219.6 231.9 244.3 256.6 268.9 281.3 293.7 306.1 318.5 330.9 343.3 355.7 368.1 380.5 392.9 405.3 417.8 430.2 
27 46.9 48 49 49.7 50.3 50.9 51.3 51.9 52.3 52.7 53 53.3 53.7 54.1 54.4 54.6 54.9 55.2 55.4 55.7 55.9 56.2 56.4 56.6 56.8 57 57.2 
27 110.1 120.2 131.2 142.8 154.8 166.9 179.1 191.3 203.6 216 228.3 240.7 253 265.4 277.8 290.2 302.6 315 327.4 339.8 352.2 364.7 377.1 389.5 401.9 414.4 426.8 
27 48.7 50 51.1 52 52.7 53.3 53.9 54.4 54.9 55.3 55.7 56.1 56.5 56.9 57.2 57.6 57.9 58.2 58.5 58.8 59.1 59.3 59.6 59.8 60.1 60.3 60.5 
27 106.5 116.6 127.7 139.4 151.3 163.4 175.7 188 200.3 212.6 225 237.3 249.7 262.1 274.5 286.9 299.3 311.7 324.2 336.6 349 361.4 373.9 386.3 398.8 411.2 423.6 
27 50.4 51.9 53 54 54.8 55.5 56.1 56.6 57.2 57.7 58.2 58.7 59.2 59.5 59.9 60.3 60.7 61.1 61.4 61.7 62 62.4 62.6 62.9 63.1 63.4 63.7 
27 103.3 113.4 124.4 136.2 148.1 160.2 172.4 184.7 197.1 209.4 221.8 234.2 246.6 259 271.4 283.8 296.2 308.6 321.1 333.5 345.9 358.4 370.8 383.2 395.7 408.1 420.6 
27 51.7 53.3 54.7 55.7 56.7 57.4 58.2 58.8 59.4 60 60.5 61 61.5 62 62.4 62.9 63.3 63.8 64.1 64.5 64.9 65.1 65.5 65.9 66.1 66.4 66.7 
27 100.2 110.3 121.3 133 144.9 157.1 169.3 181.6 194 206.3 218.7 231.1 243.5 255.9 268.3 280.7 293.1 305.6 318 330.4 342.9 355.3 367.8 380.2 392.7 405.1 417.6 
27 52.9 54.6 56.2 57.3 58.4 59.2 60.1 60.8 61.4 62.1 62.7 63.3 63.8 64.4 64.9 65.4 65.9 66.3 66.8 67.2 67.6 68 68.3 68.7 69 69.4 69.7 
27 97.4 107.3 118.3 129.9 141.9 154 166.3 178.6 190.9 203.3 215.7 228 240.5 252.9 265.3 277.8 290.2 302.6 315 327.5 339.9 352.4 364.8 377.3 389.7 402.2 414.6 
27 53.9 55.9 57.5 58.8 59.9 60.9 61.8 62.6 63.4 64.1 64.7 65.5 66 66.6 67.1 67.7 68.2 68.8 69.3 69.8 70.2 70.7 71.1 71.5 71.9 72.2 72.6 
27 94.6 104.5 115.4 126.9 138.9 151 163.3 175.6 187.9 200.3 212.7 225.1 237.5 249.9 262.3 274.8 287.2 299.6 312.1 324.5 336.9 349.4 361.8 374.3 386.8 399.2 411.7 
27 54.7 56.7 58.6 60.2 61.3 62.4 63.4 64.3 65.2 65.9 66.7 67.4 68.1 68.8 69.5 70 70.6 71.2 71.7 72.3 72.9 73.3 73.8 74.2 74.7 75.1 75.5 
27 91.9 101.6 112.4 124 135.9 148 160.2 172.5 184.9 197.3 209.7 222.1 234.5 246.9 259.3 271.7 284.2 296.6 309.1 321.5 334 346.4 358.9 371.3 383.8 396.2 408.7 
27 55.2 57.5 59.6 61.2 62.6 63.8 64.9 65.9 66.8 67.6 68.5 69.3 70.1 70.8 71.5 72.3 72.9 73.5 74.1 74.7 75.3 75.9 76.4 76.9 77.4 77.9 78.3 
27 89.4 98.9 109.6 121.1 133 145.1 157.3 169.6 182 194.4 206.7 219.1 231.6 244 256.4 268.8 281.3 293.7 306.2 318.6 331.1 343.5 356 368.4 380.9 393.3 405.8 
27 55.7 58.2 60.4 62.2 63.7 65 66.2 67.3 68.3 69.2 70.3 71.2 71.9 72.8 73.6 74.4 75.1 75.8 76.5 77.2 77.8 78.4 79 79.6 80.2 80.7 81.2 
27 87.1 96.3 106.9 118.3 130.2 142.3 154.5 166.8 179.1 191.5 203.9 216.3 228.7 241.1 253.6 266 278.5 290.9 303.3 315.8 328.3 340.7 353.2 365.6 378.1 390.5 403 
27 56 58.7 61.1 63.1 64.7 66.2 67.5 68.7 69.8 70.9 71.8 72.8 73.8 74.8 75.5 76.4 77.2 78 78.8 79.4 80.2 80.9 81.5 82.2 82.8 83.5 84 
27 84.8 93.7 104.2 115.5 127.3 139.4 151.6 163.9 176.3 188.7 201.1 213.5 225.9 238.3 250.8 263.2 275.6 288.1 300.5 313 325.4 337.9 350.3 362.8 375.3 387.7 400.2 
27 56.1 59 61.6 63.8 65.7 67.2 68.7 70 71.1 72.2 73.3 74.4 75.5 76.5 77.3 78.3 79.3 80 81 81.7 82.6 83.3 84.1 84.7 85.3 86.1 86.7 
