0 -57.9
0.01 -57.7
0.02 -57.5
0.03 -57.2
0.04 -57
0.05 -56.8
0.06 -56.6
0.07 -56.5
0.08 -56.3
0.09 -56.1
0.1 -56
0.11 -55.8
0.12 -55.7
0.13 -55.5
0.14 -55.4
0.15 -55.2
0.16 -55.1
0.17 -55
0.18 -54.9
0.19 -54.7
0.2 -54.6
0.21 -54.5
0.22 -54.4
0.23 -54.3
0.24 -54.2
0.25 -54.1
0.26 -53.9
0.27 -53.8
0.28 -53.7
0.29 -53.6
0.3 -53.5
0.31 -53.4
0.32 -53.4
0.33 -53.3
0.34 -53.2
0.35 -53.1
0.36 -53
0.37 -52.9
0.38 -52.8
0.39 -52.7
0.4 -52.6
0.41 -52.6
0.42 -52.5
0.43 -52.4
0.44 -52.3
0.45 -52.2
0.46 -52.2
0.47 -52.1
0.48 -52
0.49 -51.9
0.5 -51.8
0.51 -51.8
0.52 -51.7
0.53 -51.6
0.54 -51.5
0.55 -51.5
0.56 -51.4
0.57 -51.3
0.58 -51.3
0.59 -51.2
0.6 -51.1
0.61 -51.1
0.62 -51
0.63 -50.9
0.64 -50.9
0.65 -50.8
0.66 -50.7
0.67 -50.7
0.68 -50.6
0.69 -50.5
0.7 -50.5
0.71 -50.4
0.72 -50.3
0.73 -50.3
0.74 -50.2
0.75 -50.2
0.76 -50.1
0.77 -50
0.78 -50
0.79 -49.9
0.8 -49.8
0.81 -49.7
0.82 -49.7
0.83 -49.6
0.84 -49.6
0.85 -49.5
0.86 -49.4
0.87 -49.4
0.88 -49.3
0.89 -49.3
0.9 -49.2
0.91 -49.2
0.92 -49.1
0.93 -49.1
0.94 -49
0.95 -48.9
0.96 -48.9
0.97 -48.8
0.98 -48.8
0.99 -48.7
1 -48.7
1.01 -48.6
1.02 -48.6
1.03 -48.5
1.04 -48.5
1.05 -48.4
1.06 -48.4
1.07 -48.3
1.08 -48.3
1.09 -48.2
1.1 -48.2
1.11 -48.1
1.12 -48.1
1.13 -48
1.14 -48
1.15 -47.9
1.16 -47.9
1.17 -47.8
1.18 -47.8
1.19 -47.7
1.2 -47.7
1.21 -47.6
1.22 -47.6
1.23 -47.5
1.24 -47.5
1.25 -47.4
1.26 -47.4
1.27 -47.3
1.28 -47.3
1.29 -47.2
1.3 -47.2
1.31 -47.2
1.32 -47.1
1.33 -47.1
1.34 -47
1.35 -47
1.36 -46.9
1.37 -46.9
1.38 -46.8
1.39 -46.8
1.4 -46.8
1.41 -46.7
1.42 -46.7
1.43 -46.6
1.44 -46.6
1.45 -46.5
1.46 -46.5
1.47 -46.5
1.48 -46.4
1.49 -46.4
1.5 -46.3
1.51 -46.3
1.52 -46.2
1.53 -46.2
1.54 -46.2
1.55 -46.1
1.56 -46.1
1.57 -46
1.58 -46
1.59 -46
1.6 -45.9
1.61 -45.9
1.62 -45.8
1.63 -45.8
1.64 -45.8
1.65 -45.7
1.66 -45.7
1.67 -45.6
1.68 -45.6
1.69 -45.6
1.7 -45.5
1.71 -45.5
1.72 -45.4
1.73 -45.4
1.74 -45.4
1.75 -45.3
1.76 -45.3
1.77 -45.3
1.78 -45.2
1.79 -45.2
1.8 -45.1
1.81 -45.1
1.82 -45.1
1.83 -45
1.84 -45
1.85 -45
1.86 -44.9
1.87 -44.9
1.88 -44.9
1.89 -44.8
1.9 -44.8
1.91 -44.7
1.92 -44.7
1.93 -44.7
1.94 -44.6
1.95 -44.6
1.96 -44.6
1.97 -44.5
1.98 -44.5
1.99 -44.5
