0.23 -19.4
0.24 -20.2
0.25 -20.8
0.26 -21.4
0.27 -21.9
0.28 -22.3
0.29 -22.7
0.3 -23.1
0.31 -23.5
0.32 -23.9
0.33 -24.2
0.34 -24.5
0.35 -24.8
0.36 -25.1
0.37 -25.3
0.38 -25.6
0.39 -25.8
0.4 -26
0.41 -26.2
0.42 -26.4
0.43 -26.6
0.44 -26.8
0.45 -27
0.46 -27.1
0.47 -27.3
0.48 -27.5
0.49 -27.6
0.5 -27.7
0.51 -27.9
0.52 -28
0.53 -28.1
0.54 -28.3
0.55 -28.4
0.56 -28.5
0.57 -28.6
0.58 -28.7
0.59 -28.8
0.6 -28.9
0.61 -29
0.62 -29.1
0.63 -29.2
0.64 -29.3
0.65 -29.3
0.66 -29.4
0.67 -29.5
0.68 -29.6
0.69 -29.6
0.7 -29.7
0.71 -29.8
0.72 -29.8
0.73 -29.9
0.74 -30
0.75 -30
0.76 -30.1
0.77 -30.2
0.78 -30.2
0.79 -30.3
0.8 -30.3
0.81 -30.4
0.82 -30.4
0.83 -30.5
0.84 -30.5
0.85 -30.6
0.86 -30.6
0.87 -30.7
0.88 -30.7
0.89 -30.8
0.9 -30.8
0.91 -30.8
0.92 -30.9
0.93 -30.9
0.94 -31
0.95 -31
0.96 -31
0.97 -31.1
0.98 -31.1
0.99 -31.1
1 -31.2
1.01 -31.2
1.02 -31.2
1.03 -31.3
1.04 -31.3
1.05 -31.3
1.06 -31.4
1.07 -31.4
1.08 -31.4
1.09 -31.5
1.1 -31.5
1.11 -31.5
1.12 -31.5
1.13 -31.6
1.14 -31.6
1.15 -31.6
1.16 -31.6
1.17 -31.7
1.18 -31.7
1.19 -31.7
1.2 -31.7
1.21 -31.8
1.22 -31.8
1.23 -31.8
1.24 -31.8
1.25 -31.8
1.26 -31.9
1.27 -31.9
1.28 -31.9
1.29 -31.9
1.3 -32
1.31 -32
1.32 -32
1.33 -32
1.34 -32
1.35 -32
1.36 -32.1
1.37 -32.1
1.38 -32.1
1.39 -32.1
1.4 -32.1
1.41 -32.2
1.42 -32.2
1.43 -32.2
1.44 -32.2
1.45 -32.2
1.46 -32.2
1.47 -32.2
1.48 -32.3
1.49 -32.3
1.5 -32.3
1.51 -32.3
1.52 -32.3
1.53 -32.3
1.54 -32.4
1.55 -32.4
1.56 -32.4
1.57 -32.4
1.58 -32.4
1.59 -32.4
1.6 -32.4
1.61 -32.5
1.62 -32.5
1.63 -32.5
1.64 -32.5
1.65 -32.5
1.66 -32.5
1.67 -32.5
1.68 -32.5
1.69 -32.5
1.7 -32.6
1.71 -32.6
1.72 -32.6
1.73 -32.6
1.74 -32.6
1.75 -32.6
1.76 -32.6
1.77 -32.6
1.78 -32.6
1.79 -32.7
1.8 -32.7
1.81 -32.7
1.82 -32.7
1.83 -32.7
1.84 -32.7
1.85 -32.7
1.86 -32.7
1.87 -32.7
1.88 -32.7
1.89 -32.8
1.9 -32.8
1.91 -32.8
1.92 -32.8
1.93 -32.8
1.94 -32.8
1.95 -32.8
1.96 -32.8
1.97 -32.8
1.98 -32.8
1.99 -32.8
