0.1 -81.7932
0.2 -81.7932
0.3 -81.7932
0.4 -81.7933
0.5 -81.7933
0.6 -81.7933
0.7 -81.7933
0.8 -81.7933
0.9 -81.7933
1 -81.7934
1.1 -81.7934
1.2 -81.7934
1.3 -81.7934
1.4 -81.7934
1.5 -81.7934
1.6 -81.7935
1.7 -81.7935
1.8 -81.7935
1.9 -81.7935
2 -81.7935
2.1 -81.7935
2.2 -81.7935
2.3 -81.7936
2.4 -81.7936
2.5 -81.7936
2.6 -81.7936
2.7 -81.7936
2.8 -81.7936
2.9 -81.7937
3 -81.7937
3.1 -81.7937
3.2 -81.7937
3.3 -81.7937
3.4 -81.7937
3.5 -81.7938
3.6 -81.7938
3.7 -81.7938
3.8 -81.7938
3.9 -81.7938
4 -81.7938
4.1 -81.7939
4.2 -81.7939
4.3 -81.7939
4.4 -81.7939
4.5 -81.7939
4.6 -81.7939
4.7 -81.7939
4.8 -81.794
4.9 -81.794
5 -81.794
5.1 -81.794
5.2 -81.794
5.3 -81.794
5.4 -81.7941
5.5 -81.7941
5.6 -81.7941
5.7 -81.7941
5.8 -81.7941
5.9 -81.7941
6 -81.7942
6.1 -81.7942
6.2 -81.7942
6.3 -81.7942
6.4 -81.7942
6.5 -81.7942
6.6 -81.7942
6.7 -81.7943
6.8 -81.7943
6.9 -81.7943
7 -81.7943
7.1 -81.7943
7.2 -81.7943
7.3 -81.7944
7.4 -81.7944
7.5 -81.7944
7.6 -81.7944
7.7 -81.7944
7.8 -81.7944
7.9 -81.7945
8 -81.7945
8.1 -81.7945
8.2 -81.7945
8.3 -81.7945
8.4 -81.7945
8.5 -81.7946
8.6 -81.7946
8.7 -81.7946
8.8 -81.7946
8.9 -81.7946
9 -81.7946
9.1 -81.7946
9.2 -81.7947
9.3 -81.7947
9.4 -81.7947
9.5 -81.7947
9.6 -81.7947
9.7 -81.7947
9.8 -81.7948
9.9 -81.7948
10 -81.7948
10.1 -81.7948
10.2 -81.7948
10.3 -81.7948
10.4 -81.7949
10.5 -81.7949
10.6 -81.7949
10.7 -81.7949
10.8 -81.7949
10.9 -81.7949
11 -81.795
11.1 -81.795
11.2 -81.795
11.3 -81.795
11.4 -81.795
11.5 -81.795
11.6 -81.795
11.7 -81.7951
11.8 -81.7951
11.9 -81.7951
12 -81.7951
12.1 -81.7951
12.2 -81.7951
12.3 -81.7952
12.4 -81.7952
12.5 -81.7952
12.6 -81.7952
12.7 -81.7952
12.8 -81.7952
12.9 -81.7953
13 -81.7953
13.1 -81.7953
13.2 -81.7953
13.3 -81.7953
13.4 -81.7953
13.5 -81.7953
13.6 -81.7954
13.7 -81.7954
13.8 -81.7954
13.9 -81.7954
14 -81.7954
14.1 -81.7954
14.2 -81.7955
14.3 -81.7955
14.4 -81.7955
14.5 -81.7955
14.6 -81.7955
14.7 -81.7955
14.8 -81.7956
14.9 -81.7956
15 -81.7956
15.1 -81.7956
15.2 -81.7956
15.3 -81.7956
15.4 -81.7957
15.5 -81.7957
15.6 -81.7957
15.7 -81.7957
15.8 -81.7957
15.9 -81.7957
16 -81.7957
16.1 -81.7958
16.2 -81.7958
16.3 -81.7958
16.4 -81.7958
16.5 -81.7958
16.6 -81.7958
16.7 -81.7959
16.8 -81.7959
16.9 -81.7959
17 -81.7959
17.1 -81.7959
17.2 -81.7959
17.3 -81.796
17.4 -81.796
17.5 -81.796
17.6 -81.796
17.7 -81.796
17.8 -81.796
17.9 -81.7961
18 -81.7961
18.1 -81.7961
18.2 -81.7961
18.3 -81.7961
18.4 -81.7961
18.5 -81.7961
18.6 -81.7962
18.7 -81.7962
18.8 -81.7962
18.9 -81.7962
19 -81.7962
19.1 -81.7962
19.2 -81.7963
19.3 -81.7963
19.4 -81.7963
19.5 -81.7963
19.6 -81.7963
19.7 -81.7963
19.8 -81.7964
19.9 -81.7964
20 -81.7964
20.1 -81.7964
20.2 -81.7964
20.3 -81.7964
20.4 -81.7964
20.5 -81.7965
20.6 -81.7965
20.7 -81.7965
20.8 -81.7965
20.9 -81.7965
21 -81.7965
21.1 -81.7966
21.2 -81.7966
21.3 -81.7966
21.4 -81.7966
21.5 -81.7966
21.6 -81.7966
21.7 -81.7967
21.8 -81.7967
21.9 -81.7967
22 -81.7967
22.1 -81.7967
22.2 -81.7967
22.3 -81.7967
22.4 -81.7968
22.5 -81.7968
22.6 -81.7968
22.7 -81.7968
22.8 -81.7968
22.9 -81.7968
23 -81.7969
23.1 -81.7969
23.2 -81.7969
23.3 -81.7969
23.4 -81.7969
23.5 -81.7969
23.6 -81.797
23.7 -81.797
23.8 -81.797
23.9 -81.797
24 -81.797
24.1 -81.797
24.2 -81.7971
24.3 -81.7971
24.4 -81.7971
24.5 -81.7971
24.6 -81.7971
24.7 -81.7971
24.8 -81.7971
24.9 -81.7972
25 -81.7972
25.1 -81.7972
25.2 -81.7972
25.3 -81.7972
25.4 -81.7972
25.5 -81.7973
25.6 -81.7973
25.7 -81.7973
25.8 -81.7973
25.9 -81.7973
26 -81.7973
26.1 -81.7974
26.2 -81.7974
26.3 -81.7974
26.4 -81.7974
26.5 -81.7974
26.6 -81.7974
26.7 -81.7974
26.8 -81.7975
26.9 -81.7975
27 -81.7975
27.1 -81.7975
27.2 -81.7975
27.3 -81.7975
27.4 -81.7976
27.5 -81.7976
27.6 -81.7976
27.7 -81.7976
27.8 -81.7976
27.9 -81.7976
28 -81.7977
28.1 -81.7977
28.2 -81.7977
28.3 -81.7977
28.4 -81.7977
28.5 -81.7977
28.6 -81.7977
28.7 -81.7978
28.8 -81.7978
28.9 -81.7978
29 -81.7978
29.1 -81.7978
29.2 -81.7978
29.3 -81.7979
29.4 -81.7979
29.5 -81.7979
29.6 -81.7979
29.7 -81.7979
29.8 -81.7979
29.9 -81.798
30 -81.798
30.1 -81.798
30.2 -81.798
30.3 -81.798
30.4 -81.798
30.5 -81.798
30.6 -81.7981
30.7 -81.7981
30.8 -81.7981
30.9 -81.7981
31 -81.7981
31.1 -81.7981
31.2 -81.7982
31.3 -81.7982
31.4 -81.7982
31.5 -81.7982
31.6 -81.7982
31.7 -81.7982
31.8 -81.7983
31.9 -81.7983
32 -81.7983
32.1 -81.7983
32.2 -81.7983
32.3 -81.7983
32.4 -81.7983
32.5 -81.7984
32.6 -81.7984
32.7 -81.7984
32.8 -81.7984
32.9 -81.7984
33 -81.7984
33.1 -81.7985
33.2 -81.7985
33.3 -81.7985
33.4 -81.7985
33.5 -81.7985
33.6 -81.7985
33.7 -81.7986
33.8 -81.7986
33.9 -81.7986
34 -81.7986
34.1 -81.7986
34.2 -81.7986
34.3 -81.7986
34.4 -81.7987
34.5 -81.7987
34.6 -81.7987
34.7 -81.7987
34.8 -81.7987
34.9 -81.7987
35 -81.7988
35.1 -81.7988
35.2 -81.7988
35.3 -81.7988
35.4 -81.7988
35.5 -81.7988
35.6 -81.7988
35.7 -81.7989
35.8 -81.7989
35.9 -81.7989
36 -81.7989
36.1 -81.7989
36.2 -81.7989
36.3 -81.799
36.4 -81.799
36.5 -81.799
36.6 -81.799
36.7 -81.799
36.8 -81.799
36.9 -81.7991
37 -81.7991
37.1 -81.7991
37.2 -81.7991
37.3 -81.7991
37.4 -81.7991
37.5 -81.7991
37.6 -81.7992
37.7 -81.7992
37.8 -81.7992
37.9 -81.7992
38 -81.7992
38.1 -81.7992
38.2 -81.7993
38.3 -81.7993
38.4 -81.7993
38.5 -81.7993
38.6 -81.7993
38.7 -81.7993
38.8 -81.7994
38.9 -81.7994
39 -81.7994
39.1 -81.7994
39.2 -81.7994
39.3 -81.7994
39.4 -81.7994
39.5 -81.7995
39.6 -81.7995
39.7 -81.7995
39.8 -81.7995
39.9 -81.7995
40 -81.7995
40.1 -81.7996
40.2 -81.7996
40.3 -81.7996
40.4 -81.7996
40.5 -81.7996
40.6 -81.7996
40.7 -81.7996
40.8 -81.7997
40.9 -81.7997
41 -81.7997
41.1 -81.7997
41.2 -81.7997
41.3 -81.7997
41.4 -81.7998
41.5 -81.7998
41.6 -81.7998
41.7 -81.7998
41.8 -81.7998
41.9 -81.7998
42 -81.7998
42.1 -81.7999
42.2 -81.7999
42.3 -81.7999
42.4 -81.7999
42.5 -81.7999
42.6 -81.7999
42.7 -81.8
42.8 -81.8
42.9 -81.8
43 -81.8
43.1 -81.8
43.2 -81.8
43.3 -81.8001
43.4 -81.8001
43.5 -81.8001
43.6 -81.8001
43.7 -81.8001
43.8 -81.8001
43.9 -81.8001
44 -81.8002
44.1 -81.8002
44.2 -81.8002
44.3 -81.8002
44.4 -81.8002
44.5 -81.8002
44.6 -81.8003
44.7 -81.8003
44.8 -81.8003
44.9 -81.8003
45 -81.8003
45.1 -81.8003
45.2 -81.8003
45.3 -81.8004
45.4 -81.8004
45.5 -81.8004
45.6 -81.8004
45.7 -81.8004
45.8 -81.8004
45.9 -81.8005
46 -81.8005
46.1 -81.8005
46.2 -81.8005
46.3 -81.8005
46.4 -81.8005
46.5 -81.8005
46.6 -81.8006
46.7 -81.8006
46.8 -81.8006
46.9 -81.8006
47 -81.8006
47.1 -81.8006
47.2 -81.8007
47.3 -81.8007
47.4 -81.8007
47.5 -81.8007
47.6 -81.8007
47.7 -81.8007
47.8 -81.8007
47.9 -81.8008
48 -81.8008
48.1 -81.8008
48.2 -81.8008
48.3 -81.8008
48.4 -81.8008
48.5 -81.8009
48.6 -81.8009
48.7 -81.8009
48.8 -81.8009
48.9 -81.8009
49 -81.8009
49.1 -81.8009
49.2 -81.801
49.3 -81.801
49.4 -81.801
49.5 -81.801
49.6 -81.801
49.7 -81.801
49.8 -81.8011
49.9 -81.8011
50 -50
50.1 -54.7796
50.2 -58.1447
50.3 -60.5274
50.4 -62.2259
50.5 -63.4472
50.6 -64.3351
50.7 -64.9901
50.8 -65.4823
50.9 -65.8605
51 -66.1589
51.1 -66.4015
51.2 -66.6051
51.3 -66.7812
51.4 -66.9382
51.5 -67.0817
51.6 -67.2157
51.7 -67.3431
51.8 -67.4657
51.9 -67.585
52 -67.7019
52.1 -67.8171
52.2 -67.9309
52.3 -68.0439
52.4 -68.156
52.5 -68.2676
52.6 -68.3787
52.7 -68.4894
52.8 -68.5997
52.9 -68.7097
53 -68.8193
53.1 -68.9286
53.2 -69.0376
53.3 -69.1462
53.4 -69.2546
53.5 -69.3626
53.6 -69.4703
53.7 -69.5776
53.8 -69.6846
53.9 -69.7913
54 -69.8976
54.1 -70.0035
54.2 -70.109
54.3 -70.2142
54.4 -70.319
54.5 -70.4233
54.6 -70.5273
54.7 -70.6309
54.8 -70.734
54.9 -70.8367
55 -70.9389
55.1 -71.0408
55.2 -71.1421
55.3 -71.243
55.4 -71.3435
55.5 -71.4435
55.6 -71.543
55.7 -71.642
55.8 -71.7406
55.9 -71.8386
56 -71.9362
56.1 -72.0333
56.2 -72.1299
56.3 -72.226
56.4 -72.3216
56.5 -72.4166
56.6 -72.5111
56.7 -72.6051
56.8 -72.6985
56.9 -72.7914
57 -72.8838
57.1 -72.9755
57.2 -73.0668
57.3 -73.1574
57.4 -73.2475
57.5 -73.3371
57.6 -73.426
57.7 -73.5144
57.8 -73.6022
57.9 -73.6894
58 -73.776
58.1 -73.8621
58.2 -73.9475
58.3 -74.0324
58.4 -74.1166
58.5 -74.2003
58.6 -74.2833
58.7 -74.3657
58.8 -74.4476
58.9 -74.5288
59 -74.6094
59.1 -74.6894
59.2 -74.7688
59.3 -74.8476
59.4 -74.9257
59.5 -75.0033
59.6 -75.0802
59.7 -75.1565
59.8 -75.2322
59.9 -75.3073
60 -75.3817
60.1 -75.4556
60.2 -75.5288
60.3 -75.6014
60.4 -75.6733
60.5 -75.7447
60.6 -75.8154
60.7 -75.8855
60.8 -75.955
60.9 -76.0239
61 -76.0922
61.1 -76.1598
61.2 -76.2268
61.3 -76.2932
61.4 -76.359
61.5 -76.4242
61.6 -76.4888
61.7 -76.5528
61.8 -76.6161
61.9 -76.6789
62 -76.7411
62.1 -76.8026
62.2 -76.8636
62.3 -76.9239
62.4 -76.9837
62.5 -77.0429
62.6 -77.1015
62.7 -77.1595
62.8 -77.2169
62.9 -77.2737
63 -77.3299
63.1 -77.3856
63.2 -77.4407
63.3 -77.4952
63.4 -77.5492
63.5 -77.6026
63.6 -77.6554
63.7 -77.7077
63.8 -77.7594
63.9 -77.8106
64 -77.8612
64.1 -77.9112
64.2 -77.9608
64.3 -78.0097
64.4 -78.0582
64.5 -78.1061
64.6 -78.1535
64.7 -78.2004
64.8 -78.2469
64.9 -78.2929
65 -78.3384
65.1 -78.3834
65.2 -78.4279
65.3 -78.472
65.4 -78.5155
65.5 -78.5585
65.6 -78.601
65.7 -78.6431
65.8 -78.6846
65.9 -78.7257
66 -78.7663
66.1 -78.8064
66.2 -78.846
66.3 -78.8852
66.4 -78.9239
66.5 -78.9621
66.6 -78.9999
66.7 -79.0373
66.8 -79.0741
66.9 -79.1106
67 -79.1466
67.1 -79.1821
67.2 -79.2173
67.3 -79.2519
67.4 -79.2862
67.5 -79.3201
67.6 -79.3535
67.7 -79.3865
67.8 -79.4191
67.9 -79.4513
68 -79.4831
68.1 -79.5145
68.2 -79.5456
68.3 -79.5762
68.4 -79.6064
68.5 -79.6363
68.6 -79.6658
68.7 -79.6949
68.8 -79.7236
68.9 -79.752
69 -79.78
69.1 -79.8076
69.2 -79.8349
69.3 -79.8619
69.4 -79.8885
69.5 -79.9147
69.6 -79.9407
69.7 -79.9662
69.8 -79.9915
69.9 -80.0164
70 -80.041
70.1 -80.0653
70.2 -80.0892
70.3 -80.1129
70.4 -80.1362
70.5 -80.1592
70.6 -80.182
70.7 -80.2044
70.8 -80.2265
70.9 -80.2484
71 -80.2699
71.1 -80.2912
71.2 -80.3121
71.3 -80.3328
71.4 -80.3533
71.5 -80.3734
71.6 -80.3933
71.7 -80.4129
71.8 -80.4323
71.9 -80.4514
72 -80.4702
72.1 -80.4888
72.2 -80.5071
72.3 -80.5252
72.4 -80.543
72.5 -80.5606
72.6 -80.578
72.7 -80.5951
72.8 -80.612
72.9 -80.6287
73 -80.6451
73.1 -80.6613
73.2 -80.6773
73.3 -80.6931
73.4 -80.7086
73.5 -80.724
73.6 -80.7391
73.7 -80.754
73.8 -80.7688
73.9 -80.7833
74 -80.7976
74.1 -80.8117
74.2 -80.8256
74.3 -80.8394
74.4 -80.8529
74.5 -80.8663
74.6 -80.8795
74.7 -80.8925
74.8 -80.9053
74.9 -80.9179
75 -80.9304
75.1 -80.9427
75.2 -80.9548
75.3 -80.9667
75.4 -80.9785
75.5 -80.9901
75.6 -81.0016
75.7 -81.0129
75.8 -81.024
75.9 -81.035
76 -81.0458
76.1 -81.0565
76.2 -81.067
76.3 -81.0774
76.4 -81.0877
76.5 -81.0978
76.6 -81.1077
76.7 -81.1175
76.8 -81.1272
76.9 -81.1367
77 -81.1462
77.1 -81.1554
77.2 -81.1646
77.3 -81.1736
77.4 -81.1825
77.5 -81.1912
77.6 -81.1999
77.7 -81.2084
77.8 -81.2168
77.9 -81.2251
78 -81.2333
78.1 -81.2413
78.2 -81.2492
78.3 -81.2571
78.4 -81.2648
78.5 -81.2724
78.6 -81.2799
78.7 -81.2873
78.8 -81.2946
78.9 -81.3017
79 -81.3088
79.1 -81.3158
79.2 -81.3227
79.3 -81.3295
79.4 -81.3362
79.5 -81.3428
79.6 -81.3493
79.7 -81.3557
79.8 -81.362
79.9 -81.3682
80 -81.3744
80.1 -81.3804
80.2 -81.3864
80.3 -81.3923
80.4 -81.3981
80.5 -81.4038
80.6 -81.4094
80.7 -81.415
80.8 -81.4205
80.9 -81.4259
81 -81.4312
81.1 -81.4365
81.2 -81.4416
81.3 -81.4467
81.4 -81.4518
81.5 -81.4567
81.6 -81.4616
81.7 -81.4664
81.8 -81.4712
81.9 -81.4759
82 -81.4805
82.1 -81.485
82.2 -81.4895
82.3 -81.4939
82.4 -81.4983
82.5 -81.5026
82.6 -81.5068
82.7 -81.511
82.8 -81.5151
82.9 -81.5192
83 -81.5232
83.1 -81.5271
83.2 -81.531
83.3 -81.5348
83.4 -81.5386
83.5 -81.5423
83.6 -81.546
83.7 -81.5496
83.8 -81.5532
83.9 -81.5567
84 -81.5602
84.1 -81.5636
84.2 -81.567
84.3 -81.5703
84.4 -81.5736
84.5 -81.5768
84.6 -81.58
84.7 -81.5831
84.8 -81.5862
84.9 -81.5893
85 -81.5923
85.1 -81.5952
85.2 -81.5982
85.3 -81.601
85.4 -81.6039
85.5 -81.6067
85.6 -81.6094
85.7 -81.6122
85.8 -81.6148
85.9 -81.6175
86 -81.6201
86.1 -81.6227
86.2 -81.6252
86.3 -81.6277
86.4 -81.6302
86.5 -81.6326
86.6 -81.635
86.7 -81.6373
86.8 -81.6397
86.9 -81.642
87 -81.6442
87.1 -81.6464
87.2 -81.6486
87.3 -81.6508
87.4 -81.6529
87.5 -81.6551
87.6 -81.6571
87.7 -81.6592
87.8 -81.6612
87.9 -81.6632
88 -81.6651
88.1 -81.6671
88.2 -81.669
88.3 -81.6709
88.4 -81.6727
88.5 -81.6745
88.6 -81.6763
88.7 -81.6781
88.8 -81.6799
88.9 -81.6816
89 -81.6833
89.1 -81.685
89.2 -81.6866
89.3 -81.6883
89.4 -81.6899
89.5 -81.6915
89.6 -81.693
89.7 -81.6946
89.8 -81.6961
89.9 -81.6976
90 -81.6991
90.1 -81.7005
90.2 -81.702
90.3 -81.7034
90.4 -81.7048
90.5 -81.7062
90.6 -81.7075
90.7 -81.7089
90.8 -81.7102
90.9 -81.7115
91 -81.7128
91.1 -81.714
91.2 -81.7153
91.3 -81.7165
91.4 -81.7177
91.5 -81.7189
91.6 -81.7201
91.7 -81.7213
91.8 -81.7224
91.9 -81.7236
92 -81.7247
92.1 -81.7258
92.2 -81.7269
92.3 -81.7279
92.4 -81.729
92.5 -81.73
92.6 -81.7311
92.7 -81.7321
92.8 -81.7331
92.9 -81.7341
93 -81.735
93.1 -81.736
93.2 -81.7369
93.3 -81.7379
93.4 -81.7388
93.5 -81.7397
93.6 -81.7406
93.7 -81.7415
93.8 -81.7423
93.9 -81.7432
94 -81.744
94.1 -81.7449
94.2 -81.7457
94.3 -81.7465
94.4 -81.7473
94.5 -81.7481
94.6 -81.7489
94.7 -81.7496
94.8 -81.7504
94.9 -81.7511
95 -81.7519
95.1 -81.7526
95.2 -81.7533
95.3 -81.754
95.4 -81.7547
95.5 -81.7554
95.6 -81.7561
95.7 -81.7568
95.8 -81.7574
95.9 -81.7581
96 -81.7587
96.1 -81.7593
96.2 -81.76
96.3 -81.7606
96.4 -81.7612
96.5 -81.7618
96.6 -81.7624
96.7 -81.763
96.8 -81.7635
96.9 -81.7641
97 -81.7647
97.1 -81.7652
97.2 -81.7658
97.3 -81.7663
97.4 -81.7668
97.5 -81.7674
97.6 -81.7679
97.7 -81.7684
97.8 -81.7689
97.9 -81.7694
98 -81.7699
98.1 -81.7704
98.2 -81.7708
98.3 -81.7713
98.4 -81.7718
98.5 -81.7722
98.6 -81.7727
98.7 -81.7731
98.8 -81.7736
98.9 -81.774
99 -81.7744
99.1 -81.7748
99.2 -81.7753
99.3 -81.7757
99.4 -81.7761
99.5 -81.7765
99.6 -81.7769
99.7 -81.7773
99.8 -81.7776
99.9 -81.778
100 -81.7784
100.1 -81.7788
100.2 -81.7791
100.3 -81.7795
100.4 -81.7798
100.5 -81.7802
100.6 -81.7805
100.7 -81.7809
100.8 -81.7812
100.9 -81.7816
101 -81.7819
101.1 -81.7822
101.2 -81.7825
101.3 -81.7828
101.4 -81.7831
101.5 -81.7835
101.6 -81.7838
101.7 -81.7841
101.8 -81.7844
101.9 -81.7846
102 -81.7849
102.1 -81.7852
102.2 -81.7855
102.3 -81.7858
102.4 -81.786
102.5 -81.7863
102.6 -81.7866
102.7 -81.7868
102.8 -81.7871
102.9 -81.7874
103 -81.7876
103.1 -81.7879
103.2 -81.7881
103.3 -81.7883
103.4 -81.7886
103.5 -81.7888
103.6 -81.7891
103.7 -81.7893
103.8 -81.7895
103.9 -81.7897
104 -81.79
104.1 -81.7902
104.2 -81.7904
104.3 -81.7906
104.4 -81.7908
104.5 -81.791
104.6 -81.7912
104.7 -81.7914
104.8 -81.7916
104.9 -81.7918
105 -81.792
105.1 -81.7922
105.2 -81.7924
105.3 -81.7926
105.4 -81.7928
105.5 -81.793
105.6 -81.7932
105.7 -81.7933
105.8 -81.7935
105.9 -81.7937
106 -81.7939
106.1 -81.794
106.2 -81.7942
106.3 -81.7944
106.4 -81.7945
106.5 -81.7947
106.6 -81.7949
106.7 -81.795
106.8 -81.7952
106.9 -81.7953
107 -81.7955
107.1 -81.7956
107.2 -81.7958
107.3 -81.7959
107.4 -81.7961
107.5 -81.7962
107.6 -81.7964
107.7 -81.7965
107.8 -81.7966
107.9 -81.7968
108 -81.7969
108.1 -81.797
108.2 -81.7972
108.3 -81.7973
108.4 -81.7974
108.5 -81.7976
108.6 -81.7977
108.7 -81.7978
108.8 -81.7979
108.9 -81.798
109 -81.7982
109.1 -81.7983
109.2 -81.7984
109.3 -81.7985
109.4 -81.7986
109.5 -81.7987
109.6 -81.7989
109.7 -81.799
109.8 -81.7991
109.9 -81.7992
110 -81.7993
110.1 -81.7994
110.2 -81.7995
110.3 -81.7996
110.4 -81.7997
110.5 -81.7998
110.6 -81.7999
110.7 -81.8
110.8 -81.8001
110.9 -81.8002
111 -81.8003
111.1 -81.8004
111.2 -81.8005
111.3 -81.8006
111.4 -81.8007
111.5 -81.8008
111.6 -81.8008
111.7 -81.8009
111.8 -81.801
111.9 -81.8011
112 -81.8012
112.1 -81.8013
112.2 -81.8014
112.3 -81.8014
112.4 -81.8015
112.5 -81.8016
112.6 -81.8017
112.7 -81.8018
112.8 -81.8018
112.9 -81.8019
113 -81.802
113.1 -81.8021
113.2 -81.8021
113.3 -81.8022
113.4 -81.8023
113.5 -81.8024
113.6 -81.8024
113.7 -81.8025
113.8 -81.8026
113.9 -81.8026
114 -81.8027
114.1 -81.8028
114.2 -81.8028
114.3 -81.8029
114.4 -81.803
114.5 -81.803
114.6 -81.8031
114.7 -81.8032
114.8 -81.8032
114.9 -81.8033
115 -81.8033
115.1 -81.8034
115.2 -81.8035
115.3 -81.8035
115.4 -81.8036
115.5 -81.8036
115.6 -81.8037
115.7 -81.8038
115.8 -81.8038
115.9 -81.8039
116 -81.8039
116.1 -81.804
116.2 -81.804
116.3 -81.8041
116.4 -81.8041
116.5 -81.8042
116.6 -81.8043
116.7 -81.8043
116.8 -81.8044
116.9 -81.8044
117 -81.8045
117.1 -81.8045
117.2 -81.8046
117.3 -81.8046
117.4 -81.8047
117.5 -81.8047
117.6 -81.8048
117.7 -81.8048
117.8 -81.8048
117.9 -81.8049
118 -81.8049
118.1 -81.805
118.2 -81.805
118.3 -81.8051
118.4 -81.8051
118.5 -81.8052
118.6 -81.8052
118.7 -81.8052
118.8 -81.8053
118.9 -81.8053
119 -81.8054
119.1 -81.8054
119.2 -81.8055
119.3 -81.8055
119.4 -81.8055
119.5 -81.8056
119.6 -81.8056
119.7 -81.8057
119.8 -81.8057
119.9 -81.8057
120 -81.8058
120.1 -81.8058
120.2 -81.8059
120.3 -81.8059
120.4 -81.8059
120.5 -81.806
120.6 -81.806
120.7 -81.806
120.8 -81.8061
120.9 -81.8061
121 -81.8061
121.1 -81.8062
121.2 -81.8062
121.3 -81.8062
121.4 -81.8063
121.5 -81.8063
121.6 -81.8064
121.7 -81.8064
121.8 -81.8064
121.9 -81.8065
122 -81.8065
122.1 -81.8065
122.2 -81.8065
122.3 -81.8066
122.4 -81.8066
122.5 -81.8066
122.6 -81.8067
122.7 -81.8067
122.8 -81.8067
122.9 -81.8068
123 -81.8068
123.1 -81.8068
123.2 -81.8069
123.3 -81.8069
123.4 -81.8069
123.5 -81.8069
123.6 -81.807
123.7 -81.807
123.8 -81.807
123.9 -81.8071
124 -81.8071
124.1 -81.8071
124.2 -81.8071
124.3 -81.8072
124.4 -81.8072
124.5 -81.8072
124.6 -81.8073
124.7 -81.8073
124.8 -81.8073
124.9 -81.8073
125 -81.8074
125.1 -81.8074
125.2 -81.8074
125.3 -81.8074
125.4 -81.8075
125.5 -81.8075
125.6 -81.8075
125.7 -81.8075
125.8 -81.8076
125.9 -81.8076
126 -81.8076
126.1 -81.8076
126.2 -81.8077
126.3 -81.8077
126.4 -81.8077
126.5 -81.8077
126.6 -81.8078
126.7 -81.8078
126.8 -81.8078
126.9 -81.8078
127 -81.8079
127.1 -81.8079
127.2 -81.8079
127.3 -81.8079
127.4 -81.808
127.5 -81.808
127.6 -81.808
127.7 -81.808
127.8 -81.808
127.9 -81.8081
128 -81.8081
128.1 -81.8081
128.2 -81.8081
128.3 -81.8082
128.4 -81.8082
128.5 -81.8082
128.6 -81.8082
128.7 -81.8082
128.8 -81.8083
128.9 -81.8083
129 -81.8083
129.1 -81.8083
129.2 -81.8083
129.3 -81.8084
129.4 -81.8084
129.5 -81.8084
129.6 -81.8084
129.7 -81.8085
129.8 -81.8085
129.9 -81.8085
130 -81.8085
130.1 -81.8085
130.2 -81.8086
130.3 -81.8086
130.4 -81.8086
130.5 -81.8086
130.6 -81.8086
130.7 -81.8086
130.8 -81.8087
130.9 -81.8087
131 -81.8087
131.1 -81.8087
131.2 -81.8087
131.3 -81.8088
131.4 -81.8088
131.5 -81.8088
131.6 -81.8088
131.7 -81.8088
131.8 -81.8089
131.9 -81.8089
132 -81.8089
132.1 -81.8089
132.2 -81.8089
132.3 -81.809
132.4 -81.809
132.5 -81.809
132.6 -81.809
132.7 -81.809
132.8 -81.809
132.9 -81.8091
133 -81.8091
133.1 -81.8091
133.2 -81.8091
133.3 -81.8091
133.4 -81.8091
133.5 -81.8092
133.6 -81.8092
133.7 -81.8092
133.8 -81.8092
133.9 -81.8092
134 -81.8093
134.1 -81.8093
134.2 -81.8093
134.3 -81.8093
134.4 -81.8093
134.5 -81.8093
134.6 -81.8094
134.7 -81.8094
134.8 -81.8094
134.9 -81.8094
135 -81.8094
135.1 -81.8094
135.2 -81.8095
135.3 -81.8095
135.4 -81.8095
135.5 -81.8095
135.6 -81.8095
135.7 -81.8095
135.8 -81.8096
135.9 -81.8096
136 -81.8096
136.1 -81.8096
136.2 -81.8096
136.3 -81.8096
136.4 -81.8097
136.5 -81.8097
136.6 -81.8097
136.7 -81.8097
136.8 -81.8097
136.9 -81.8097
137 -81.8097
137.1 -81.8098
137.2 -81.8098
137.3 -81.8098
137.4 -81.8098
137.5 -81.8098
137.6 -81.8098
137.7 -81.8099
137.8 -81.8099
137.9 -81.8099
138 -81.8099
138.1 -81.8099
138.2 -81.8099
138.3 -81.8099
138.4 -81.81
138.5 -81.81
138.6 -81.81
138.7 -81.81
138.8 -81.81
138.9 -81.81
139 -81.8101
139.1 -81.8101
139.2 -81.8101
139.3 -81.8101
139.4 -81.8101
139.5 -81.8101
139.6 -81.8101
139.7 -81.8102
139.8 -81.8102
139.9 -81.8102
140 -81.8102
140.1 -81.8102
140.2 -81.8102
140.3 -81.8102
140.4 -81.8103
140.5 -81.8103
140.6 -81.8103
140.7 -81.8103
140.8 -81.8103
140.9 -81.8103
141 -81.8104
141.1 -81.8104
141.2 -81.8104
141.3 -81.8104
141.4 -81.8104
141.5 -81.8104
141.6 -81.8104
141.7 -81.8105
141.8 -81.8105
141.9 -81.8105
142 -81.8105
142.1 -81.8105
142.2 -81.8105
142.3 -81.8105
142.4 -81.8106
142.5 -81.8106
142.6 -81.8106
142.7 -81.8106
142.8 -81.8106
142.9 -81.8106
143 -81.8106
143.1 -81.8107
143.2 -81.8107
143.3 -81.8107
143.4 -81.8107
143.5 -81.8107
143.6 -81.8107
143.7 -81.8107
143.8 -81.8107
143.9 -81.8108
144 -81.8108
144.1 -81.8108
144.2 -81.8108
144.3 -81.8108
144.4 -81.8108
144.5 -81.8108
144.6 -81.8109
144.7 -81.8109
144.8 -81.8109
144.9 -81.8109
145 -81.8109
145.1 -81.8109
145.2 -81.8109
145.3 -81.811
145.4 -81.811
145.5 -81.811
145.6 -81.811
145.7 -81.811
145.8 -81.811
145.9 -81.811
146 -81.811
146.1 -81.8111
146.2 -81.8111
146.3 -81.8111
146.4 -81.8111
146.5 -81.8111
146.6 -81.8111
146.7 -81.8111
146.8 -81.8112
146.9 -81.8112
147 -81.8112
147.1 -81.8112
147.2 -81.8112
147.3 -81.8112
147.4 -81.8112
147.5 -81.8113
147.6 -81.8113
147.7 -81.8113
147.8 -81.8113
147.9 -81.8113
148 -81.8113
148.1 -81.8113
148.2 -81.8113
148.3 -81.8114
148.4 -81.8114
148.5 -81.8114
148.6 -81.8114
148.7 -81.8114
148.8 -81.8114
148.9 -81.8114
149 -81.8114
149.1 -81.8115
149.2 -81.8115
149.3 -81.8115
149.4 -81.8115
149.5 -81.8115
149.6 -81.8115
149.7 -81.8115
149.8 -81.8116
149.9 -81.8116
150 -81.8116
150.1 -81.8116
150.2 -81.8116
150.3 -81.8116
150.4 -81.8116
150.5 -81.8116
150.6 -81.8117
150.7 -81.8117
150.8 -81.8117
150.9 -81.8117
151 -81.8117
151.1 -81.8117
151.2 -81.8117
151.3 -81.8117
151.4 -81.8118
151.5 -81.8118
151.6 -81.8118
151.7 -81.8118
151.8 -81.8118
151.9 -81.8118
152 -81.8118
152.1 -81.8118
152.2 -81.8119
152.3 -81.8119
152.4 -81.8119
152.5 -81.8119
152.6 -81.8119
152.7 -81.8119
152.8 -81.8119
152.9 -81.812
153 -81.812
153.1 -81.812
153.2 -81.812
153.3 -81.812
153.4 -81.812
153.5 -81.812
153.6 -81.812
153.7 -81.8121
153.8 -81.8121
153.9 -81.8121
154 -81.8121
154.1 -81.8121
154.2 -81.8121
154.3 -81.8121
154.4 -81.8121
154.5 -81.8122
154.6 -81.8122
154.7 -81.8122
154.8 -81.8122
154.9 -81.8122
155 -81.8122
155.1 -81.8122
155.2 -81.8122
155.3 -81.8123
155.4 -81.8123
155.5 -81.8123
155.6 -81.8123
155.7 -81.8123
155.8 -81.8123
155.9 -81.8123
156 -81.8123
156.1 -81.8124
156.2 -81.8124
156.3 -81.8124
156.4 -81.8124
156.5 -81.8124
156.6 -81.8124
156.7 -81.8124
156.8 -81.8124
156.9 -81.8125
157 -81.8125
157.1 -81.8125
157.2 -81.8125
157.3 -81.8125
157.4 -81.8125
157.5 -81.8125
157.6 -81.8125
157.7 -81.8125
157.8 -81.8126
157.9 -81.8126
158 -81.8126
158.1 -81.8126
158.2 -81.8126
158.3 -81.8126
158.4 -81.8126
158.5 -81.8126
158.6 -81.8127
158.7 -81.8127
158.8 -81.8127
158.9 -81.8127
159 -81.8127
159.1 -81.8127
159.2 -81.8127
159.3 -81.8127
159.4 -81.8128
159.5 -81.8128
159.6 -81.8128
159.7 -81.8128
159.8 -81.8128
159.9 -81.8128
160 -81.8128
160.1 -81.8128
160.2 -81.8129
160.3 -81.8129
160.4 -81.8129
160.5 -81.8129
160.6 -81.8129
160.7 -81.8129
160.8 -81.8129
160.9 -81.8129
161 -81.813
161.1 -81.813
161.2 -81.813
161.3 -81.813
161.4 -81.813
161.5 -81.813
161.6 -81.813
161.7 -81.813
161.8 -81.813
161.9 -81.8131
162 -81.8131
162.1 -81.8131
162.2 -81.8131
162.3 -81.8131
162.4 -81.8131
162.5 -81.8131
162.6 -81.8131
162.7 -81.8132
162.8 -81.8132
162.9 -81.8132
163 -81.8132
163.1 -81.8132
163.2 -81.8132
163.3 -81.8132
163.4 -81.8132
163.5 -81.8133
163.6 -81.8133
163.7 -81.8133
163.8 -81.8133
163.9 -81.8133
164 -81.8133
164.1 -81.8133
164.2 -81.8133
164.3 -81.8133
164.4 -81.8134
164.5 -81.8134
164.6 -81.8134
164.7 -81.8134
164.8 -81.8134
164.9 -81.8134
165 -81.8134
165.1 -81.8134
165.2 -81.8135
165.3 -81.8135
165.4 -81.8135
165.5 -81.8135
165.6 -81.8135
165.7 -81.8135
165.8 -81.8135
165.9 -81.8135
166 -81.8135
166.1 -81.8136
166.2 -81.8136
166.3 -81.8136
166.4 -81.8136
166.5 -81.8136
166.6 -81.8136
166.7 -81.8136
166.8 -81.8136
166.9 -81.8137
167 -81.8137
167.1 -81.8137
167.2 -81.8137
167.3 -81.8137
167.4 -81.8137
167.5 -81.8137
167.6 -81.8137
167.7 -81.8137
167.8 -81.8138
167.9 -81.8138
168 -81.8138
168.1 -81.8138
168.2 -81.8138
168.3 -81.8138
168.4 -81.8138
168.5 -81.8138
168.6 -81.8139
168.7 -81.8139
168.8 -81.8139
168.9 -81.8139
169 -81.8139
169.1 -81.8139
169.2 -81.8139
169.3 -81.8139
169.4 -81.8139
169.5 -81.814
169.6 -81.814
169.7 -81.814
169.8 -81.814
169.9 -81.814
170 -81.814
170.1 -81.814
170.2 -81.814
170.3 -81.8141
170.4 -81.8141
170.5 -81.8141
170.6 -81.8141
170.7 -81.8141
170.8 -81.8141
170.9 -81.8141
171 -81.8141
171.1 -81.8141
171.2 -81.8142
171.3 -81.8142
171.4 -81.8142
171.5 -81.8142
171.6 -81.8142
171.7 -81.8142
171.8 -81.8142
171.9 -81.8142
172 -81.8142
172.1 -81.8143
172.2 -81.8143
172.3 -81.8143
172.4 -81.8143
172.5 -81.8143
172.6 -81.8143
172.7 -81.8143
172.8 -81.8143
172.9 -81.8144
173 -81.8144
173.1 -81.8144
173.2 -81.8144
173.3 -81.8144
173.4 -81.8144
173.5 -81.8144
173.6 -81.8144
173.7 -81.8144
173.8 -81.8145
173.9 -81.8145
174 -81.8145
174.1 -81.8145
174.2 -81.8145
174.3 -81.8145
174.4 -81.8145
174.5 -81.8145
174.6 -81.8145
174.7 -81.8146
174.8 -81.8146
174.9 -81.8146
175 -81.8146
175.1 -81.8146
175.2 -81.8146
175.3 -81.8146
175.4 -81.8146
175.5 -81.8146
175.6 -81.8147
175.7 -81.8147
175.8 -81.8147
175.9 -81.8147
176 -81.8147
176.1 -81.8147
176.2 -81.8147
176.3 -81.8147
176.4 -81.8148
176.5 -81.8148
176.6 -81.8148
176.7 -81.8148
176.8 -81.8148
176.9 -81.8148
177 -81.8148
177.1 -81.8148
177.2 -81.8148
177.3 -81.8149
177.4 -81.8149
177.5 -81.8149
177.6 -81.8149
177.7 -81.8149
177.8 -81.8149
177.9 -81.8149
178 -81.8149
178.1 -81.8149
178.2 -81.815
178.3 -81.815
178.4 -81.815
178.5 -81.815
178.6 -81.815
178.7 -81.815
178.8 -81.815
178.9 -81.815
179 -81.815
179.1 -81.8151
179.2 -81.8151
179.3 -81.8151
179.4 -81.8151
179.5 -81.8151
179.6 -81.8151
179.7 -81.8151
179.8 -81.8151
179.9 -81.8151
180 -81.8152
180.1 -81.8152
180.2 -81.8152
180.3 -81.8152
180.4 -81.8152
180.5 -81.8152
180.6 -81.8152
180.7 -81.8152
180.8 -81.8152
180.9 -81.8153
181 -81.8153
181.1 -81.8153
181.2 -81.8153
181.3 -81.8153
181.4 -81.8153
181.5 -81.8153
181.6 -81.8153
181.7 -81.8153
181.8 -81.8154
181.9 -81.8154
182 -81.8154
182.1 -81.8154
182.2 -81.8154
182.3 -81.8154
182.4 -81.8154
182.5 -81.8154
182.6 -81.8154
182.7 -81.8155
182.8 -81.8155
182.9 -81.8155
183 -81.8155
183.1 -81.8155
183.2 -81.8155
183.3 -81.8155
183.4 -81.8155
183.5 -81.8155
183.6 -81.8156
183.7 -81.8156
183.8 -81.8156
183.9 -81.8156
184 -81.8156
184.1 -81.8156
184.2 -81.8156
184.3 -81.8156
184.4 -81.8156
184.5 -81.8157
184.6 -81.8157
184.7 -81.8157
184.8 -81.8157
184.9 -81.8157
185 -81.8157
185.1 -81.8157
185.2 -81.8157
185.3 -81.8157
185.4 -81.8158
185.5 -81.8158
185.6 -81.8158
185.7 -81.8158
185.8 -81.8158
185.9 -81.8158
186 -81.8158
186.1 -81.8158
186.2 -81.8158
186.3 -81.8158
186.4 -81.8159
186.5 -81.8159
186.6 -81.8159
186.7 -81.8159
186.8 -81.8159
186.9 -81.8159
187 -81.8159
187.1 -81.8159
187.2 -81.8159
187.3 -81.816
187.4 -81.816
187.5 -81.816
187.6 -81.816
187.7 -81.816
187.8 -81.816
187.9 -81.816
188 -81.816
188.1 -81.816
188.2 -81.8161
188.3 -81.8161
188.4 -81.8161
188.5 -81.8161
188.6 -81.8161
188.7 -81.8161
188.8 -81.8161
188.9 -81.8161
189 -81.8161
189.1 -81.8162
189.2 -81.8162
189.3 -81.8162
189.4 -81.8162
189.5 -81.8162
189.6 -81.8162
189.7 -81.8162
189.8 -81.8162
189.9 -81.8162
190 -81.8162
190.1 -81.8163
190.2 -81.8163
190.3 -81.8163
190.4 -81.8163
190.5 -81.8163
190.6 -81.8163
190.7 -81.8163
190.8 -81.8163
190.9 -81.8163
191 -81.8164
191.1 -81.8164
191.2 -81.8164
191.3 -81.8164
191.4 -81.8164
191.5 -81.8164
191.6 -81.8164
191.7 -81.8164
191.8 -81.8164
191.9 -81.8165
192 -81.8165
192.1 -81.8165
192.2 -81.8165
192.3 -81.8165
192.4 -81.8165
192.5 -81.8165
192.6 -81.8165
192.7 -81.8165
192.8 -81.8165
192.9 -81.8166
193 -81.8166
193.1 -81.8166
193.2 -81.8166
193.3 -81.8166
193.4 -81.8166
193.5 -81.8166
193.6 -81.8166
193.7 -81.8166
193.8 -81.8167
193.9 -81.8167
194 -81.8167
194.1 -81.8167
194.2 -81.8167
194.3 -81.8167
194.4 -81.8167
194.5 -81.8167
194.6 -81.8167
194.7 -81.8167
194.8 -81.8168
194.9 -81.8168
195 -81.8168
195.1 -81.8168
195.2 -81.8168
195.3 -81.8168
195.4 -81.8168
195.5 -81.8168
195.6 -81.8168
195.7 -81.8169
195.8 -81.8169
195.9 -81.8169
196 -81.8169
196.1 -81.8169
196.2 -81.8169
196.3 -81.8169
196.4 -81.8169
196.5 -81.8169
196.6 -81.8169
196.7 -81.817
196.8 -81.817
196.9 -81.817
197 -81.817
197.1 -81.817
197.2 -81.817
197.3 -81.817
197.4 -81.817
197.5 -81.817
197.6 -81.8171
197.7 -81.8171
197.8 -81.8171
197.9 -81.8171
198 -81.8171
198.1 -81.8171
198.2 -81.8171
198.3 -81.8171
198.4 -81.8171
198.5 -81.8171
198.6 -81.8172
198.7 -81.8172
198.8 -81.8172
198.9 -81.8172
199 -81.8172
199.1 -81.8172
199.2 -81.8172
199.3 -81.8172
199.4 -81.8172
199.5 -81.8173
199.6 -81.8173
199.7 -81.8173
199.8 -81.8173
199.9 -81.8173
200 -81.8173
200.1 -81.8173
200.2 -81.8173
200.3 -81.8173
200.4 -81.8173
200.5 -81.8174
200.6 -81.8174
200.7 -81.8174
200.8 -81.8174
200.9 -81.8174
201 -81.8174
201.1 -81.8174
201.2 -81.8174
201.3 -81.8174
201.4 -81.8174
201.5 -81.8175
201.6 -81.8175
201.7 -81.8175
201.8 -81.8175
201.9 -81.8175
202 -81.8175
202.1 -81.8175
202.2 -81.8175
202.3 -81.8175
202.4 -81.8175
202.5 -81.8176
202.6 -81.8176
202.7 -81.8176
202.8 -81.8176
202.9 -81.8176
203 -81.8176
203.1 -81.8176
203.2 -81.8176
203.3 -81.8176
203.4 -81.8177
203.5 -81.8177
203.6 -81.8177
203.7 -81.8177
203.8 -81.8177
203.9 -81.8177
204 -81.8177
204.1 -81.8177
204.2 -81.8177
204.3 -81.8177
204.4 -81.8178
204.5 -81.8178
204.6 -81.8178
204.7 -81.8178
204.8 -81.8178
204.9 -81.8178
205 -81.8178
205.1 -81.8178
205.2 -81.8178
205.3 -81.8178
205.4 -81.8179
205.5 -81.8179
205.6 -81.8179
205.7 -81.8179
205.8 -81.8179
205.9 -81.8179
206 -81.8179
206.1 -81.8179
206.2 -81.8179
206.3 -81.8179
206.4 -81.818
206.5 -81.818
206.6 -81.818
206.7 -81.818
206.8 -81.818
206.9 -81.818
207 -81.818
207.1 -81.818
207.2 -81.818
207.3 -81.818
207.4 -81.8181
207.5 -81.8181
207.6 -81.8181
207.7 -81.8181
207.8 -81.8181
207.9 -81.8181
208 -81.8181
208.1 -81.8181
208.2 -81.8181
208.3 -81.8181
208.4 -81.8182
208.5 -81.8182
208.6 -81.8182
208.7 -81.8182
208.8 -81.8182
208.9 -81.8182
209 -81.8182
209.1 -81.8182
209.2 -81.8182
209.3 -81.8182
209.4 -81.8183
209.5 -81.8183
209.6 -81.8183
209.7 -81.8183
209.8 -81.8183
209.9 -81.8183
210 -81.8183
210.1 -81.8183
210.2 -81.8183
210.3 -81.8183
210.4 -81.8184
210.5 -81.8184
210.6 -81.8184
210.7 -81.8184
210.8 -81.8184
210.9 -81.8184
211 -81.8184
211.1 -81.8184
211.2 -81.8184
211.3 -81.8184
211.4 -81.8185
211.5 -81.8185
211.6 -81.8185
211.7 -81.8185
211.8 -81.8185
211.9 -81.8185
212 -81.8185
212.1 -81.8185
212.2 -81.8185
212.3 -81.8185
212.4 -81.8186
212.5 -81.8186
212.6 -81.8186
212.7 -81.8186
212.8 -81.8186
212.9 -81.8186
213 -81.8186
213.1 -81.8186
213.2 -81.8186
213.3 -81.8186
213.4 -81.8187
213.5 -81.8187
213.6 -81.8187
213.7 -81.8187
213.8 -81.8187
213.9 -81.8187
214 -81.8187
214.1 -81.8187
214.2 -81.8187
214.3 -81.8187
214.4 -81.8187
214.5 -81.8188
214.6 -81.8188
214.7 -81.8188
214.8 -81.8188
214.9 -81.8188
215 -81.8188
215.1 -81.8188
215.2 -81.8188
215.3 -81.8188
215.4 -81.8188
215.5 -81.8189
215.6 -81.8189
215.7 -81.8189
215.8 -81.8189
215.9 -81.8189
216 -81.8189
216.1 -81.8189
216.2 -81.8189
216.3 -81.8189
216.4 -81.8189
216.5 -81.819
216.6 -81.819
216.7 -81.819
216.8 -81.819
216.9 -81.819
217 -81.819
217.1 -81.819
217.2 -81.819
217.3 -81.819
217.4 -81.819
217.5 -81.8191
217.6 -81.8191
217.7 -81.8191
217.8 -81.8191
217.9 -81.8191
218 -81.8191
218.1 -81.8191
218.2 -81.8191
218.3 -81.8191
218.4 -81.8191
218.5 -81.8191
218.6 -81.8192
218.7 -81.8192
218.8 -81.8192
218.9 -81.8192
219 -81.8192
219.1 -81.8192
219.2 -81.8192
219.3 -81.8192
219.4 -81.8192
219.5 -81.8192
219.6 -81.8193
219.7 -81.8193
219.8 -81.8193
219.9 -81.8193
220 -81.8193
220.1 -81.8193
220.2 -81.8193
220.3 -81.8193
220.4 -81.8193
220.5 -81.8193
220.6 -81.8193
220.7 -81.8194
220.8 -81.8194
220.9 -81.8194
221 -81.8194
221.1 -81.8194
221.2 -81.8194
221.3 -81.8194
221.4 -81.8194
221.5 -81.8194
221.6 -81.8194
221.7 -81.8195
221.8 -81.8195
221.9 -81.8195
222 -81.8195
222.1 -81.8195
222.2 -81.8195
222.3 -81.8195
222.4 -81.8195
222.5 -81.8195
222.6 -81.8195
222.7 -81.8195
222.8 -81.8196
222.9 -81.8196
223 -81.8196
223.1 -81.8196
223.2 -81.8196
223.3 -81.8196
223.4 -81.8196
223.5 -81.8196
223.6 -81.8196
223.7 -81.8196
223.8 -81.8197
223.9 -81.8197
224 -81.8197
224.1 -81.8197
224.2 -81.8197
224.3 -81.8197
224.4 -81.8197
224.5 -81.8197
224.6 -81.8197
224.7 -81.8197
224.8 -81.8197
224.9 -81.8198
225 -81.8198
225.1 -81.8198
225.2 -81.8198
225.3 -81.8198
225.4 -81.8198
225.5 -81.8198
225.6 -81.8198
225.7 -81.8198
225.8 -81.8198
225.9 -81.8198
226 -81.8199
226.1 -81.8199
226.2 -81.8199
226.3 -81.8199
226.4 -81.8199
226.5 -81.8199
226.6 -81.8199
226.7 -81.8199
226.8 -81.8199
226.9 -81.8199
227 -81.82
227.1 -81.82
227.2 -81.82
227.3 -81.82
227.4 -81.82
227.5 -81.82
227.6 -81.82
227.7 -81.82
227.8 -81.82
227.9 -81.82
228 -81.82
228.1 -81.8201
228.2 -81.8201
228.3 -81.8201
228.4 -81.8201
228.5 -81.8201
228.6 -81.8201
228.7 -81.8201
228.8 -81.8201
228.9 -81.8201
229 -81.8201
229.1 -81.8201
229.2 -81.8202
229.3 -81.8202
229.4 -81.8202
229.5 -81.8202
229.6 -81.8202
229.7 -81.8202
229.8 -81.8202
229.9 -81.8202
230 -81.8202
230.1 -81.8202
230.2 -81.8202
230.3 -81.8203
230.4 -81.8203
230.5 -81.8203
230.6 -81.8203
230.7 -81.8203
230.8 -81.8203
230.9 -81.8203
231 -81.8203
231.1 -81.8203
231.2 -81.8203
231.3 -81.8203
231.4 -81.8204
231.5 -81.8204
231.6 -81.8204
231.7 -81.8204
231.8 -81.8204
231.9 -81.8204
232 -81.8204
232.1 -81.8204
232.2 -81.8204
232.3 -81.8204
232.4 -81.8204
232.5 -81.8205
232.6 -81.8205
232.7 -81.8205
232.8 -81.8205
232.9 -81.8205
233 -81.8205
233.1 -81.8205
233.2 -81.8205
233.3 -81.8205
233.4 -81.8205
233.5 -81.8205
233.6 -81.8206
233.7 -81.8206
233.8 -81.8206
233.9 -81.8206
234 -81.8206
234.1 -81.8206
234.2 -81.8206
234.3 -81.8206
234.4 -81.8206
234.5 -81.8206
234.6 -81.8206
234.7 -81.8207
234.8 -81.8207
234.9 -81.8207
235 -81.8207
235.1 -81.8207
235.2 -81.8207
235.3 -81.8207
235.4 -81.8207
235.5 -81.8207
235.6 -81.8207
235.7 -81.8207
235.8 -81.8208
235.9 -81.8208
236 -81.8208
236.1 -81.8208
236.2 -81.8208
236.3 -81.8208
236.4 -81.8208
236.5 -81.8208
236.6 -81.8208
236.7 -81.8208
236.8 -81.8208
236.9 -81.8209
237 -81.8209
237.1 -81.8209
237.2 -81.8209
237.3 -81.8209
237.4 -81.8209
237.5 -81.8209
237.6 -81.8209
237.7 -81.8209
237.8 -81.8209
237.9 -81.8209
238 -81.821
238.1 -81.821
238.2 -81.821
238.3 -81.821
238.4 -81.821
238.5 -81.821
238.6 -81.821
238.7 -81.821
238.8 -81.821
238.9 -81.821
239 -81.821
239.1 -81.821
239.2 -81.8211
239.3 -81.8211
239.4 -81.8211
239.5 -81.8211
239.6 -81.8211
239.7 -81.8211
239.8 -81.8211
239.9 -81.8211
240 -81.8211
240.1 -81.8211
240.2 -81.8211
240.3 -81.8212
240.4 -81.8212
240.5 -81.8212
240.6 -81.8212
240.7 -81.8212
240.8 -81.8212
240.9 -81.8212
241 -81.8212
241.1 -81.8212
241.2 -81.8212
241.3 -81.8212
241.4 -81.8213
241.5 -81.8213
241.6 -81.8213
241.7 -81.8213
241.8 -81.8213
241.9 -81.8213
242 -81.8213
242.1 -81.8213
242.2 -81.8213
242.3 -81.8213
242.4 -81.8213
242.5 -81.8213
242.6 -81.8214
242.7 -81.8214
242.8 -81.8214
242.9 -81.8214
243 -81.8214
243.1 -81.8214
243.2 -81.8214
243.3 -81.8214
243.4 -81.8214
243.5 -81.8214
243.6 -81.8214
243.7 -81.8215
243.8 -81.8215
243.9 -81.8215
244 -81.8215
244.1 -81.8215
244.2 -81.8215
244.3 -81.8215
244.4 -81.8215
244.5 -81.8215
244.6 -81.8215
244.7 -81.8215
244.8 -81.8215
244.9 -81.8216
245 -81.8216
245.1 -81.8216
245.2 -81.8216
245.3 -81.8216
245.4 -81.8216
245.5 -81.8216
245.6 -81.8216
245.7 -81.8216
245.8 -81.8216
245.9 -81.8216
246 -81.8217
246.1 -81.8217
246.2 -81.8217
246.3 -81.8217
246.4 -81.8217
246.5 -81.8217
246.6 -81.8217
246.7 -81.8217
246.8 -81.8217
246.9 -81.8217
247 -81.8217
247.1 -81.8217
247.2 -81.8218
247.3 -81.8218
247.4 -81.8218
247.5 -81.8218
247.6 -81.8218
247.7 -81.8218
247.8 -81.8218
247.9 -81.8218
248 -81.8218
248.1 -81.8218
248.2 -81.8218
248.3 -81.8218
248.4 -81.8219
248.5 -81.8219
248.6 -81.8219
248.7 -81.8219
248.8 -81.8219
248.9 -81.8219
249 -81.8219
249.1 -81.8219
249.2 -81.8219
249.3 -81.8219
249.4 -81.8219
249.5 -81.822
249.6 -81.822
249.7 -81.822
249.8 -81.822
249.9 -81.822
250 -81.822
250.1 -81.822
250.2 -81.822
250.3 -81.822
250.4 -81.822
250.5 -81.822
250.6 -81.822
250.7 -81.8221
250.8 -81.8221
250.9 -81.8221
251 -81.8221
251.1 -81.8221
251.2 -81.8221
251.3 -81.8221
251.4 -81.8221
251.5 -81.8221
251.6 -81.8221
251.7 -81.8221
251.8 -81.8221
251.9 -81.8222
252 -81.8222
252.1 -81.8222
252.2 -81.8222
252.3 -81.8222
252.4 -81.8222
252.5 -81.8222
252.6 -81.8222
252.7 -81.8222
252.8 -81.8222
252.9 -81.8222
253 -81.8222
253.1 -81.8223
253.2 -81.8223
253.3 -81.8223
253.4 -81.8223
253.5 -81.8223
253.6 -81.8223
253.7 -81.8223
253.8 -81.8223
253.9 -81.8223
254 -81.8223
254.1 -81.8223
254.2 -81.8223
254.3 -81.8224
254.4 -81.8224
254.5 -81.8224
254.6 -81.8224
254.7 -81.8224
254.8 -81.8224
254.9 -81.8224
255 -81.8224
255.1 -81.8224
255.2 -81.8224
255.3 -81.8224
255.4 -81.8224
255.5 -81.8225
255.6 -81.8225
255.7 -81.8225
255.8 -81.8225
255.9 -81.8225
256 -81.8225
256.1 -81.8225
256.2 -81.8225
256.3 -81.8225
256.4 -81.8225
256.5 -81.8225
256.6 -81.8225
256.7 -81.8226
256.8 -81.8226
256.9 -81.8226
257 -81.8226
257.1 -81.8226
257.2 -81.8226
257.3 -81.8226
257.4 -81.8226
257.5 -81.8226
257.6 -81.8226
257.7 -81.8226
257.8 -81.8226
257.9 -81.8227
258 -81.8227
258.1 -81.8227
258.2 -81.8227
258.3 -81.8227
258.4 -81.8227
258.5 -81.8227
258.6 -81.8227
258.7 -81.8227
258.8 -81.8227
258.9 -81.8227
259 -81.8227
259.1 -81.8228
259.2 -81.8228
259.3 -81.8228
259.4 -81.8228
259.5 -81.8228
259.6 -81.8228
259.7 -81.8228
259.8 -81.8228
259.9 -81.8228
260 -81.8228
260.1 -81.8228
260.2 -81.8228
260.3 -81.8228
260.4 -81.8229
260.5 -81.8229
260.6 -81.8229
260.7 -81.8229
260.8 -81.8229
260.9 -81.8229
261 -81.8229
261.1 -81.8229
261.2 -81.8229
261.3 -81.8229
261.4 -81.8229
261.5 -81.8229
261.6 -81.823
261.7 -81.823
261.8 -81.823
261.9 -81.823
262 -81.823
262.1 -81.823
262.2 -81.823
262.3 -81.823
262.4 -81.823
262.5 -81.823
262.6 -81.823
262.7 -81.823
262.8 -81.8231
262.9 -81.8231
263 -81.8231
263.1 -81.8231
263.2 -81.8231
263.3 -81.8231
263.4 -81.8231
263.5 -81.8231
263.6 -81.8231
263.7 -81.8231
263.8 -81.8231
263.9 -81.8231
264 -81.8231
264.1 -81.8232
264.2 -81.8232
264.3 -81.8232
264.4 -81.8232
264.5 -81.8232
264.6 -81.8232
264.7 -81.8232
264.8 -81.8232
264.9 -81.8232
265 -81.8232
265.1 -81.8232
265.2 -81.8232
265.3 -81.8233
265.4 -81.8233
265.5 -81.8233
265.6 -81.8233
265.7 -81.8233
265.8 -81.8233
265.9 -81.8233
266 -81.8233
266.1 -81.8233
266.2 -81.8233
266.3 -81.8233
266.4 -81.8233
266.5 -81.8233
266.6 -81.8234
266.7 -81.8234
266.8 -81.8234
266.9 -81.8234
267 -81.8234
267.1 -81.8234
267.2 -81.8234
267.3 -81.8234
267.4 -81.8234
267.5 -81.8234
267.6 -81.8234
267.7 -81.8234
267.8 -81.8234
267.9 -81.8235
268 -81.8235
268.1 -81.8235
268.2 -81.8235
268.3 -81.8235
268.4 -81.8235
268.5 -81.8235
268.6 -81.8235
268.7 -81.8235
268.8 -81.8235
268.9 -81.8235
269 -81.8235
269.1 -81.8236
269.2 -81.8236
269.3 -81.8236
269.4 -81.8236
269.5 -81.8236
269.6 -81.8236
269.7 -81.8236
269.8 -81.8236
269.9 -81.8236
270 -81.8236
270.1 -81.8236
270.2 -81.8236
270.3 -81.8236
270.4 -81.8237
270.5 -81.8237
270.6 -81.8237
270.7 -81.8237
270.8 -81.8237
270.9 -81.8237
271 -81.8237
271.1 -81.8237
271.2 -81.8237
271.3 -81.8237
271.4 -81.8237
271.5 -81.8237
271.6 -81.8237
271.7 -81.8238
271.8 -81.8238
271.9 -81.8238
272 -81.8238
272.1 -81.8238
272.2 -81.8238
272.3 -81.8238
272.4 -81.8238
272.5 -81.8238
272.6 -81.8238
272.7 -81.8238
272.8 -81.8238
272.9 -81.8238
273 -81.8239
273.1 -81.8239
273.2 -81.8239
273.3 -81.8239
273.4 -81.8239
273.5 -81.8239
273.6 -81.8239
273.7 -81.8239
273.8 -81.8239
273.9 -81.8239
274 -81.8239
274.1 -81.8239
274.2 -81.8239
274.3 -81.824
274.4 -81.824
274.5 -81.824
274.6 -81.824
274.7 -81.824
274.8 -81.824
274.9 -81.824
275 -81.824
275.1 -81.824
275.2 -81.824
275.3 -81.824
275.4 -81.824
275.5 -81.824
275.6 -81.8241
275.7 -81.8241
275.8 -81.8241
275.9 -81.8241
276 -81.8241
276.1 -81.8241
276.2 -81.8241
276.3 -81.8241
276.4 -81.8241
276.5 -81.8241
276.6 -81.8241
276.7 -81.8241
276.8 -81.8241
276.9 -81.8242
277 -81.8242
277.1 -81.8242
277.2 -81.8242
277.3 -81.8242
277.4 -81.8242
277.5 -81.8242
277.6 -81.8242
277.7 -81.8242
277.8 -81.8242
277.9 -81.8242
278 -81.8242
278.1 -81.8242
278.2 -81.8243
278.3 -81.8243
278.4 -81.8243
278.5 -81.8243
278.6 -81.8243
278.7 -81.8243
278.8 -81.8243
278.9 -81.8243
279 -81.8243
279.1 -81.8243
279.2 -81.8243
279.3 -81.8243
279.4 -81.8243
279.5 -81.8244
279.6 -81.8244
279.7 -81.8244
279.8 -81.8244
279.9 -81.8244
280 -81.8244
280.1 -81.8244
280.2 -81.8244
280.3 -81.8244
280.4 -81.8244
280.5 -81.8244
280.6 -81.8244
280.7 -81.8244
280.8 -81.8244
280.9 -81.8245
281 -81.8245
281.1 -81.8245
281.2 -81.8245
281.3 -81.8245
281.4 -81.8245
281.5 -81.8245
281.6 -81.8245
281.7 -81.8245
281.8 -81.8245
281.9 -81.8245
282 -81.8245
282.1 -81.8245
282.2 -81.8246
282.3 -81.8246
282.4 -81.8246
282.5 -81.8246
282.6 -81.8246
282.7 -81.8246
282.8 -81.8246
282.9 -81.8246
283 -81.8246
283.1 -81.8246
283.2 -81.8246
283.3 -81.8246
283.4 -81.8246
283.5 -81.8247
283.6 -81.8247
283.7 -81.8247
283.8 -81.8247
283.9 -81.8247
284 -81.8247
284.1 -81.8247
284.2 -81.8247
284.3 -81.8247
284.4 -81.8247
284.5 -81.8247
284.6 -81.8247
284.7 -81.8247
284.8 -81.8247
284.9 -81.8248
285 -81.8248
285.1 -81.8248
285.2 -81.8248
285.3 -81.8248
285.4 -81.8248
285.5 -81.8248
285.6 -81.8248
285.7 -81.8248
285.8 -81.8248
285.9 -81.8248
286 -81.8248
286.1 -81.8248
286.2 -81.8248
286.3 -81.8249
286.4 -81.8249
286.5 -81.8249
286.6 -81.8249
286.7 -81.8249
286.8 -81.8249
286.9 -81.8249
287 -81.8249
287.1 -81.8249
287.2 -81.8249
287.3 -81.8249
287.4 -81.8249
287.5 -81.8249
287.6 -81.825
287.7 -81.825
287.8 -81.825
287.9 -81.825
288 -81.825
288.1 -81.825
288.2 -81.825
288.3 -81.825
288.4 -81.825
288.5 -81.825
288.6 -81.825
288.7 -81.825
288.8 -81.825
288.9 -81.825
289 -81.8251
289.1 -81.8251
289.2 -81.8251
289.3 -81.8251
289.4 -81.8251
289.5 -81.8251
289.6 -81.8251
289.7 -81.8251
289.8 -81.8251
289.9 -81.8251
290 -81.8251
290.1 -81.8251
290.2 -81.8251
290.3 -81.8251
290.4 -81.8252
290.5 -81.8252
290.6 -81.8252
290.7 -81.8252
290.8 -81.8252
290.9 -81.8252
291 -81.8252
291.1 -81.8252
291.2 -81.8252
291.3 -81.8252
291.4 -81.8252
291.5 -81.8252
291.6 -81.8252
291.7 -81.8252
291.8 -81.8253
291.9 -81.8253
292 -81.8253
292.1 -81.8253
292.2 -81.8253
292.3 -81.8253
292.4 -81.8253
292.5 -81.8253
292.6 -81.8253
292.7 -81.8253
292.8 -81.8253
292.9 -81.8253
293 -81.8253
293.1 -81.8253
293.2 -81.8254
293.3 -81.8254
293.4 -81.8254
293.5 -81.8254
293.6 -81.8254
293.7 -81.8254
293.8 -81.8254
293.9 -81.8254
294 -81.8254
294.1 -81.8254
294.2 -81.8254
294.3 -81.8254
294.4 -81.8254
294.5 -81.8254
294.6 -81.8255
294.7 -81.8255
294.8 -81.8255
294.9 -81.8255
295 -81.8255
295.1 -81.8255
295.2 -81.8255
295.3 -81.8255
295.4 -81.8255
295.5 -81.8255
295.6 -81.8255
295.7 -81.8255
295.8 -81.8255
295.9 -81.8255
296 -81.8256
296.1 -81.8256
296.2 -81.8256
296.3 -81.8256
296.4 -81.8256
296.5 -81.8256
296.6 -81.8256
296.7 -81.8256
296.8 -81.8256
296.9 -81.8256
297 -81.8256
297.1 -81.8256
297.2 -81.8256
297.3 -81.8256
297.4 -81.8257
297.5 -81.8257
297.6 -81.8257
297.7 -81.8257
297.8 -81.8257
297.9 -81.8257
298 -81.8257
298.1 -81.8257
298.2 -81.8257
298.3 -81.8257
298.4 -81.8257
298.5 -81.8257
298.6 -81.8257
298.7 -81.8257
298.8 -81.8257
298.9 -81.8258
299 -81.8258
299.1 -81.8258
299.2 -81.8258
299.3 -81.8258
299.4 -81.8258
299.5 -81.8258
299.6 -81.8258
299.7 -81.8258
299.8 -81.8258
299.9 -81.8258
