0.1 -81.7932
0.2 -81.7932
0.3 -81.7932
0.4 -81.7933
0.5 -81.7933
0.6 -81.7933
0.7 -81.7933
0.8 -81.7933
0.9 -81.7933
1 -81.7934
1.1 -81.7934
1.2 -81.7934
1.3 -81.7934
1.4 -81.7934
1.5 -81.7934
1.6 -81.7935
1.7 -81.7935
1.8 -81.7935
1.9 -81.7935
2 -81.7935
2.1 -81.7935
2.2 -81.7935
2.3 -81.7936
2.4 -81.7936
2.5 -81.7936
2.6 -81.7936
2.7 -81.7936
2.8 -81.7936
2.9 -81.7937
3 -81.7937
3.1 -81.7937
3.2 -81.7937
3.3 -81.7937
3.4 -81.7937
3.5 -81.7938
3.6 -81.7938
3.7 -81.7938
3.8 -81.7938
3.9 -81.7938
4 -81.7938
4.1 -81.7939
4.2 -81.7939
4.3 -81.7939
4.4 -81.7939
4.5 -81.7939
4.6 -81.7939
4.7 -81.7939
4.8 -81.794
4.9 -81.794
5 -81.794
5.1 -81.794
5.2 -81.794
5.3 -81.794
5.4 -81.7941
5.5 -81.7941
5.6 -81.7941
5.7 -81.7941
5.8 -81.7941
5.9 -81.7941
6 -81.7942
6.1 -81.7942
6.2 -81.7942
6.3 -81.7942
6.4 -81.7942
6.5 -81.7942
6.6 -81.7942
6.7 -81.7943
6.8 -81.7943
6.9 -81.7943
7 -81.7943
7.1 -81.7943
7.2 -81.7943
7.3 -81.7944
7.4 -81.7944
7.5 -81.7944
7.6 -81.7944
7.7 -81.7944
7.8 -81.7944
7.9 -81.7945
8 -81.7945
8.1 -81.7945
8.2 -81.7945
8.3 -81.7945
8.4 -81.7945
8.5 -81.7946
8.6 -81.7946
8.7 -81.7946
8.8 -81.7946
8.9 -81.7946
9 -81.7946
9.1 -81.7946
9.2 -81.7947
9.3 -81.7947
9.4 -81.7947
9.5 -81.7947
9.6 -81.7947
9.7 -81.7947
9.8 -81.7948
9.9 -81.7948
10 -81.7948
10.1 -81.7948
10.2 -81.7948
10.3 -81.7948
10.4 -81.7949
10.5 -81.7949
10.6 -81.7949
10.7 -81.7949
10.8 -81.7949
10.9 -81.7949
11 -81.795
11.1 -81.795
11.2 -81.795
11.3 -81.795
11.4 -81.795
11.5 -81.795
11.6 -81.795
11.7 -81.7951
11.8 -81.7951
11.9 -81.7951
12 -81.7951
12.1 -81.7951
12.2 -81.7951
12.3 -81.7952
12.4 -81.7952
12.5 -81.7952
12.6 -81.7952
12.7 -81.7952
12.8 -81.7952
12.9 -81.7953
13 -81.7953
13.1 -81.7953
13.2 -81.7953
13.3 -81.7953
13.4 -81.7953
13.5 -81.7953
13.6 -81.7954
13.7 -81.7954
13.8 -81.7954
13.9 -81.7954
14 -81.7954
14.1 -81.7954
14.2 -81.7955
14.3 -81.7955
14.4 -81.7955
14.5 -81.7955
14.6 -81.7955
14.7 -81.7955
14.8 -81.7956
14.9 -81.7956
15 -81.7956
15.1 -81.7956
15.2 -81.7956
15.3 -81.7956
15.4 -81.7957
15.5 -81.7957
15.6 -81.7957
15.7 -81.7957
15.8 -81.7957
15.9 -81.7957
16 -81.7957
16.1 -81.7958
16.2 -81.7958
16.3 -81.7958
16.4 -81.7958
16.5 -81.7958
16.6 -81.7958
16.7 -81.7959
16.8 -81.7959
16.9 -81.7959
17 -81.7959
17.1 -81.7959
17.2 -81.7959
17.3 -81.796
17.4 -81.796
17.5 -81.796
17.6 -81.796
17.7 -81.796
17.8 -81.796
17.9 -81.7961
18 -81.7961
18.1 -81.7961
18.2 -81.7961
18.3 -81.7961
18.4 -81.7961
18.5 -81.7961
18.6 -81.7962
18.7 -81.7962
18.8 -81.7962
18.9 -81.7962
19 -81.7962
19.1 -81.7962
19.2 -81.7963
19.3 -81.7963
19.4 -81.7963
19.5 -81.7963
19.6 -81.7963
19.7 -81.7963
19.8 -81.7964
19.9 -81.7964
20 -81.7964
20.1 -81.7964
20.2 -81.7964
20.3 -81.7964
20.4 -81.7964
20.5 -81.7965
20.6 -81.7965
20.7 -81.7965
20.8 -81.7965
20.9 -81.7965
21 -81.7965
21.1 -81.7966
21.2 -81.7966
21.3 -81.7966
21.4 -81.7966
21.5 -81.7966
21.6 -81.7966
21.7 -81.7967
21.8 -81.7967
21.9 -81.7967
22 -81.7967
22.1 -81.7967
22.2 -81.7967
22.3 -81.7967
22.4 -81.7968
22.5 -81.7968
22.6 -81.7968
22.7 -81.7968
22.8 -81.7968
22.9 -81.7968
23 -81.7969
23.1 -81.7969
23.2 -81.7969
23.3 -81.7969
23.4 -81.7969
23.5 -81.7969
23.6 -81.797
23.7 -81.797
23.8 -81.797
23.9 -81.797
24 -81.797
24.1 -81.797
24.2 -81.7971
24.3 -81.7971
24.4 -81.7971
24.5 -81.7971
24.6 -81.7971
24.7 -81.7971
24.8 -81.7971
24.9 -81.7972
25 -81.7972
25.1 -81.7972
25.2 -81.7972
25.3 -81.7972
25.4 -81.7972
25.5 -81.7973
25.6 -81.7973
25.7 -81.7973
25.8 -81.7973
25.9 -81.7973
26 -81.7973
26.1 -81.7974
26.2 -81.7974
26.3 -81.7974
26.4 -81.7974
26.5 -81.7974
26.6 -81.7974
26.7 -81.7974
26.8 -81.7975
26.9 -81.7975
27 -81.7975
27.1 -81.7975
27.2 -81.7975
27.3 -81.7975
27.4 -81.7976
27.5 -81.7976
27.6 -81.7976
27.7 -81.7976
27.8 -81.7976
27.9 -81.7976
28 -81.7977
28.1 -81.7977
28.2 -81.7977
28.3 -81.7977
28.4 -81.7977
28.5 -81.7977
28.6 -81.7977
28.7 -81.7978
28.8 -81.7978
28.9 -81.7978
29 -81.7978
29.1 -81.7978
29.2 -81.7978
29.3 -81.7979
29.4 -81.7979
29.5 -81.7979
29.6 -81.7979
29.7 -81.7979
29.8 -81.7979
29.9 -81.798
30 -81.798
30.1 -81.798
30.2 -81.798
30.3 -81.798
30.4 -81.798
30.5 -81.798
30.6 -81.7981
30.7 -81.7981
30.8 -81.7981
30.9 -81.7981
31 -81.7981
31.1 -81.7981
31.2 -81.7982
31.3 -81.7982
31.4 -81.7982
31.5 -81.7982
31.6 -81.7982
31.7 -81.7982
31.8 -81.7983
31.9 -81.7983
32 -81.7983
32.1 -81.7983
32.2 -81.7983
32.3 -81.7983
32.4 -81.7983
32.5 -81.7984
32.6 -81.7984
32.7 -81.7984
32.8 -81.7984
32.9 -81.7984
33 -81.7984
33.1 -81.7985
33.2 -81.7985
33.3 -81.7985
33.4 -81.7985
33.5 -81.7985
33.6 -81.7985
33.7 -81.7986
33.8 -81.7986
33.9 -81.7986
34 -81.7986
34.1 -81.7986
34.2 -81.7986
34.3 -81.7986
34.4 -81.7987
34.5 -81.7987
34.6 -81.7987
34.7 -81.7987
34.8 -81.7987
34.9 -81.7987
35 -81.7988
35.1 -81.7988
35.2 -81.7988
35.3 -81.7988
35.4 -81.7988
35.5 -81.7988
35.6 -81.7988
35.7 -81.7989
35.8 -81.7989
35.9 -81.7989
36 -81.7989
36.1 -81.7989
36.2 -81.7989
36.3 -81.799
36.4 -81.799
36.5 -81.799
36.6 -81.799
36.7 -81.799
36.8 -81.799
36.9 -81.7991
37 -81.7991
37.1 -81.7991
37.2 -81.7991
37.3 -81.7991
37.4 -81.7991
37.5 -81.7991
37.6 -81.7992
37.7 -81.7992
37.8 -81.7992
37.9 -81.7992
38 -81.7992
38.1 -81.7992
38.2 -81.7993
38.3 -81.7993
38.4 -81.7993
38.5 -81.7993
38.6 -81.7993
38.7 -81.7993
38.8 -81.7994
38.9 -81.7994
39 -81.7994
39.1 -81.7994
39.2 -81.7994
39.3 -81.7994
39.4 -81.7994
39.5 -81.7995
39.6 -81.7995
39.7 -81.7995
39.8 -81.7995
39.9 -81.7995
40 -81.7995
40.1 -81.7996
40.2 -81.7996
40.3 -81.7996
40.4 -81.7996
40.5 -81.7996
40.6 -81.7996
40.7 -81.7996
40.8 -81.7997
40.9 -81.7997
41 -81.7997
41.1 -81.7997
41.2 -81.7997
41.3 -81.7997
41.4 -81.7998
41.5 -81.7998
41.6 -81.7998
41.7 -81.7998
41.8 -81.7998
41.9 -81.7998
42 -81.7998
42.1 -81.7999
42.2 -81.7999
42.3 -81.7999
42.4 -81.7999
42.5 -81.7999
42.6 -81.7999
42.7 -81.8
42.8 -81.8
42.9 -81.8
43 -81.8
43.1 -81.8
43.2 -81.8
43.3 -81.8001
43.4 -81.8001
43.5 -81.8001
43.6 -81.8001
43.7 -81.8001
43.8 -81.8001
43.9 -81.8001
44 -81.8002
44.1 -81.8002
44.2 -81.8002
44.3 -81.8002
44.4 -81.8002
44.5 -81.8002
44.6 -81.8003
44.7 -81.8003
44.8 -81.8003
44.9 -81.8003
45 -81.8003
45.1 -81.8003
45.2 -81.8003
45.3 -81.8004
45.4 -81.8004
45.5 -81.8004
45.6 -81.8004
45.7 -81.8004
45.8 -81.8004
45.9 -81.8005
46 -81.8005
46.1 -81.8005
46.2 -81.8005
46.3 -81.8005
46.4 -81.8005
46.5 -81.8005
46.6 -81.8006
46.7 -81.8006
46.8 -81.8006
46.9 -81.8006
47 -81.8006
47.1 -81.8006
47.2 -81.8007
47.3 -81.8007
47.4 -81.8007
47.5 -81.8007
47.6 -81.8007
47.7 -81.8007
47.8 -81.8007
47.9 -81.8008
48 -81.8008
48.1 -81.8008
48.2 -81.8008
48.3 -81.8008
48.4 -81.8008
48.5 -81.8009
48.6 -81.8009
48.7 -81.8009
48.8 -81.8009
48.9 -81.8009
49 -81.8009
49.1 -81.8009
49.2 -81.801
49.3 -81.801
49.4 -81.801
49.5 -81.801
49.6 -81.801
49.7 -81.801
49.8 -81.8011
49.9 -81.8011
50 -10
50.1 -20.7801
50.2 -28.3576
50.3 -33.6961
50.4 -37.457
50.5 -40.1005
50.6 -41.8332
50.7 -42.7036
50.8 -42.3968
50.9 -39.4656
51 -31.7598
51.1 -22.5836
51.2 -14.5741
51.3 -8.24768
51.4 -3.48537
51.5 -0.0101497
51.6 2.46694
51.7 4.19717
51.8 5.38246
51.9 6.17219
52 6.67966
52.1 6.9875
52.2 7.15524
52.3 7.22524
52.4 7.22745
52.5 7.18291
52.6 7.10641
52.7 7.00822
52.8 6.89555
52.9 6.77344
53 6.64536
53.1 6.51376
53.2 6.3803
53.3 6.24614
53.4 6.11209
53.5 5.97867
53.6 5.84627
53.7 5.71513
53.8 5.58542
53.9 5.45723
54 5.33064
54.1 5.20567
54.2 5.08235
54.3 4.96068
54.4 4.84064
54.5 4.72224
54.6 4.60545
54.7 4.49026
54.8 4.37664
54.9 4.26458
55 4.15404
55.1 4.04501
55.2 3.93746
55.3 3.83138
55.4 3.72673
55.5 3.62346
55.6 3.52155
55.7 3.42099
55.8 3.32177
55.9 3.22387
56 3.12728
56.1 3.03198
56.2 2.93796
56.3 2.84518
56.4 2.75365
56.5 2.66333
56.6 2.57421
56.7 2.48627
56.8 2.3995
56.9 2.31387
57 2.22938
57.1 2.146
57.2 2.06372
57.3 1.98252
57.4 1.90238
57.5 1.8233
57.6 1.74524
57.7 1.66821
57.8 1.59219
57.9 1.51715
58 1.44309
58.1 1.37
58.2 1.29785
58.3 1.22664
58.4 1.15634
58.5 1.08696
58.6 1.01847
58.7 0.950861
58.8 0.884123
58.9 0.818242
59 0.753207
59.1 0.689004
59.2 0.625623
59.3 0.563051
59.4 0.501278
59.5 0.440291
59.6 0.38008
59.7 0.320634
59.8 0.261941
59.9 0.203992
60 0.146775
60.1 0.0902805
60.2 0.034498
60.3 -0.0205826
60.4 -0.0749713
60.5 -0.128678
60.6 -0.181783
60.7 -0.234272
60.8 -0.286141
60.9 -0.337385
61 -0.388008
61.1 -0.438012
61.2 -0.487404
61.3 -0.536188
61.4 -0.584373
61.5 -0.631965
61.6 -0.678973
61.7 -0.725404
61.8 -0.771266
61.9 -0.816567
62 -0.861315
62.1 -0.905518
62.2 -0.949184
62.3 -0.992321
62.4 -1.03494
62.5 -1.07704
62.6 -1.11863
62.7 -1.15973
62.8 -1.20033
62.9 -1.24045
63 -1.2801
63.1 -1.31927
63.2 -1.35798
63.3 -1.39624
63.4 -1.43404
63.5 -1.47141
63.6 -1.50834
63.7 -1.54484
63.8 -1.58092
63.9 -1.61658
64 -1.65184
64.1 -1.68669
64.2 -1.72115
64.3 -1.75522
64.4 -1.7889
64.5 -1.82221
64.6 -1.85515
64.7 -1.88772
64.8 -1.91993
64.9 -1.95179
65 -1.9833
65.1 -2.01447
65.2 -2.0453
65.3 -2.0758
65.4 -2.10598
65.5 -2.13584
65.6 -2.16538
65.7 -2.19462
65.8 -2.22355
65.9 -2.25219
66 -2.28053
66.1 -2.30858
66.2 -2.33636
66.3 -2.36386
66.4 -2.39108
66.5 -2.41804
66.6 -2.44474
66.7 -2.47118
66.8 -2.49736
66.9 -2.5233
67 -2.549
67.1 -2.57446
67.2 -2.59969
67.3 -2.62469
67.4 -2.64947
67.5 -2.67402
67.6 -2.69836
67.7 -2.7225
67.8 -2.74642
67.9 -2.77015
68 -2.79367
68.1 -2.81701
68.2 -2.84016
68.3 -2.86312
68.4 -2.8859
68.5 -2.90851
68.6 -2.93094
68.7 -2.95321
68.8 -2.97531
68.9 -2.99726
69 -3.01904
69.1 -3.04068
69.2 -3.06217
69.3 -3.08351
69.4 -3.10472
69.5 -3.12579
69.6 -3.14672
69.7 -3.16753
69.8 -3.18821
69.9 -3.20877
70 -3.22921
70.1 -3.24954
70.2 -3.26975
70.3 -3.28986
70.4 -3.30987
70.5 -3.32977
70.6 -3.34958
70.7 -3.36929
70.8 -3.38892
70.9 -3.40846
71 -3.42791
71.1 -3.44728
71.2 -3.46658
71.3 -3.4858
71.4 -3.50495
71.5 -3.52403
71.6 -3.54305
71.7 -3.56201
71.8 -3.58091
71.9 -3.59975
72 -3.61855
72.1 -3.63729
72.2 -3.65598
72.3 -3.67464
72.4 -3.69325
72.5 -3.71182
72.6 -3.73036
72.7 -3.74887
72.8 -3.76735
72.9 -3.7858
73 -3.80422
73.1 -3.82263
73.2 -3.84102
73.3 -3.85939
73.4 -3.87775
73.5 -3.89609
73.6 -3.91443
73.7 -3.93277
73.8 -3.9511
73.9 -3.96943
74 -3.98776
74.1 -4.0061
74.2 -4.02444
74.3 -4.04279
74.4 -4.06115
74.5 -4.07953
74.6 -4.09792
74.7 -4.11634
74.8 -4.13477
74.9 -4.15323
75 -4.17171
75.1 -4.19021
75.2 -4.20875
75.3 -4.22732
75.4 -4.24592
75.5 -4.26456
75.6 -4.28324
75.7 -4.30196
75.8 -4.32071
75.9 -4.3395
76 -4.35833
76.1 -4.37721
76.2 -4.39614
76.3 -4.41512
76.4 -4.43416
76.5 -4.45325
76.6 -4.4724
76.7 -4.49161
76.8 -4.51088
76.9 -4.53021
77 -4.54961
77.1 -4.56908
77.2 -4.58861
77.3 -4.60822
77.4 -4.6279
77.5 -4.64766
77.6 -4.66748
77.7 -4.68739
77.8 -4.70738
77.9 -4.72744
78 -4.74759
78.1 -4.76782
78.2 -4.78814
78.3 -4.80854
78.4 -4.82904
78.5 -4.84962
78.6 -4.87029
78.7 -4.89105
78.8 -4.91191
78.9 -4.93286
79 -4.95391
79.1 -4.97506
79.2 -4.99631
79.3 -5.01765
79.4 -5.0391
79.5 -5.06065
79.6 -5.08231
79.7 -5.10407
79.8 -5.12593
79.9 -5.14791
80 -5.16999
80.1 -5.19218
80.2 -5.21449
80.3 -5.23691
80.4 -5.25943
80.5 -5.28208
80.6 -5.30484
80.7 -5.32771
80.8 -5.35071
80.9 -5.37382
81 -5.39705
81.1 -5.4204
81.2 -5.44387
81.3 -5.46747
81.4 -5.49118
81.5 -5.51502
81.6 -5.53899
81.7 -5.56308
81.8 -5.5873
81.9 -5.61164
82 -5.63612
82.1 -5.66072
82.2 -5.68545
82.3 -5.71031
82.4 -5.73531
82.5 -5.76043
82.6 -5.78569
82.7 -5.81108
82.8 -5.8366
82.9 -5.86226
83 -5.88806
83.1 -5.91399
83.2 -5.94005
83.3 -5.96626
83.4 -5.9926
83.5 -6.01908
83.6 -6.04569
83.7 -6.07245
83.8 -6.09934
83.9 -6.12638
84 -6.15356
84.1 -6.18087
84.2 -6.20833
84.3 -6.23593
84.4 -6.26368
84.5 -6.29156
84.6 -6.31959
84.7 -6.34776
84.8 -6.37608
84.9 -6.40454
85 -6.43314
85.1 -6.46189
85.2 -6.49079
85.3 -6.51983
85.4 -6.54901
85.5 -6.57834
85.6 -6.60782
85.7 -6.63745
85.8 -6.66722
85.9 -6.69713
86 -6.7272
86.1 -6.75741
86.2 -6.78777
86.3 -6.81827
86.4 -6.84893
86.5 -6.87973
86.6 -6.91068
86.7 -6.94177
86.8 -6.97302
86.9 -7.00441
87 -7.03595
87.1 -7.06764
87.2 -7.09948
87.3 -7.13147
87.4 -7.1636
87.5 -7.19588
87.6 -7.22831
87.7 -7.26089
87.8 -7.29362
87.9 -7.32649
88 -7.35952
88.1 -7.39269
88.2 -7.42601
88.3 -7.45947
88.4 -7.49309
88.5 -7.52685
88.6 -7.56076
88.7 -7.59481
88.8 -7.62902
88.9 -7.66337
89 -7.69787
89.1 -7.73251
89.2 -7.7673
89.3 -7.80224
89.4 -7.83732
89.5 -7.87255
89.6 -7.90792
89.7 -7.94344
89.8 -7.97911
89.9 -8.01492
90 -8.05087
90.1 -8.08697
90.2 -8.12321
90.3 -8.1596
90.4 -8.19613
90.5 -8.2328
90.6 -8.26961
90.7 -8.30657
90.8 -8.34367
90.9 -8.38091
91 -8.4183
91.1 -8.45582
91.2 -8.49348
91.3 -8.53129
91.4 -8.56923
91.5 -8.60732
91.6 -8.64554
91.7 -8.6839
91.8 -8.7224
91.9 -8.76104
92 -8.79981
92.1 -8.83873
92.2 -8.87777
92.3 -8.91696
92.4 -8.95628
92.5 -8.99573
92.6 -9.03532
92.7 -9.07505
92.8 -9.1149
92.9 -9.15489
93 -9.19502
93.1 -9.23527
93.2 -9.27566
93.3 -9.31617
93.4 -9.35682
93.5 -9.3976
93.6 -9.4385
93.7 -9.47954
93.8 -9.5207
93.9 -9.562
94 -9.60341
94.1 -9.64496
94.2 -9.68663
94.3 -9.72843
94.4 -9.77035
94.5 -9.81239
94.6 -9.85456
94.7 -9.89686
94.8 -9.93927
94.9 -9.98181
95 -10.0245
95.1 -10.0672
95.2 -10.1101
95.3 -10.1532
95.4 -10.1963
95.5 -10.2395
95.6 -10.2829
95.7 -10.3264
95.8 -10.37
95.9 -10.4137
96 -10.4576
96.1 -10.5015
96.2 -10.5456
96.3 -10.5897
96.4 -10.634
96.5 -10.6784
96.6 -10.7229
96.7 -10.7676
96.8 -10.8123
96.9 -10.8571
97 -10.9021
97.1 -10.9471
97.2 -10.9923
97.3 -11.0375
97.4 -11.0829
97.5 -11.1284
97.6 -11.174
97.7 -11.2196
97.8 -11.2654
97.9 -11.3113
98 -11.3573
98.1 -11.4034
98.2 -11.4496
98.3 -11.4959
98.4 -11.5422
98.5 -11.5887
98.6 -11.6353
98.7 -11.682
98.8 -11.7287
98.9 -11.7756
99 -11.8226
99.1 -11.8696
99.2 -11.9167
99.3 -11.964
99.4 -12.0113
99.5 -12.0587
99.6 -12.1062
99.7 -12.1538
99.8 -12.2015
99.9 -12.2493
100 -12.2971
100.1 -12.3451
100.2 -12.3931
100.3 -12.4412
100.4 -12.4894
100.5 -12.5377
100.6 -12.586
100.7 -12.6344
100.8 -12.683
100.9 -12.7316
101 -12.7802
101.1 -12.829
101.2 -12.8778
101.3 -12.9267
101.4 -12.9757
101.5 -13.0248
101.6 -13.0739
101.7 -13.1231
101.8 -13.1724
101.9 -13.2218
102 -13.2712
102.1 -13.3207
102.2 -13.3703
102.3 -13.4199
102.4 -13.4696
102.5 -13.5194
102.6 -13.5693
102.7 -13.6192
102.8 -13.6691
102.9 -13.7192
103 -13.7693
103.1 -13.8195
103.2 -13.8697
103.3 -13.92
103.4 -13.9704
103.5 -14.0208
103.6 -14.0713
103.7 -14.1218
103.8 -14.1724
103.9 -14.2231
104 -14.2738
104.1 -14.3246
104.2 -14.3754
104.3 -14.4263
104.4 -14.4772
104.5 -14.5282
104.6 -14.5793
104.7 -14.6304
104.8 -14.6815
104.9 -14.7327
105 -14.784
105.1 -14.8353
105.2 -14.8867
105.3 -14.9381
105.4 -14.9895
105.5 -15.041
105.6 -15.0926
105.7 -15.1442
105.8 -15.1958
105.9 -15.2475
106 -15.2992
106.1 -15.351
106.2 -15.4028
106.3 -15.4547
106.4 -15.5066
106.5 -15.5586
106.6 -15.6106
106.7 -15.6626
106.8 -15.7147
106.9 -15.7668
107 -15.8189
107.1 -15.8711
107.2 -15.9233
107.3 -15.9756
107.4 -16.0279
107.5 -16.0802
107.6 -16.1326
107.7 -16.185
107.8 -16.2374
107.9 -16.2899
108 -16.3424
108.1 -16.3949
108.2 -16.4475
108.3 -16.5001
108.4 -16.5528
108.5 -16.6054
108.6 -16.6581
108.7 -16.7108
108.8 -16.7636
108.9 -16.8164
109 -16.8692
109.1 -16.922
109.2 -16.9749
109.3 -17.0278
109.4 -17.0807
109.5 -17.1336
109.6 -17.1866
109.7 -17.2396
109.8 -17.2926
109.9 -17.3456
110 -17.3987
110.1 -17.4518
110.2 -17.5049
110.3 -17.558
110.4 -17.6112
110.5 -17.6643
110.6 -17.7175
110.7 -17.7707
110.8 -17.824
110.9 -17.8772
111 -17.9305
111.1 -17.9838
111.2 -18.0371
111.3 -18.0904
111.4 -18.1438
111.5 -18.1971
111.6 -18.2505
111.7 -18.3039
111.8 -18.3573
111.9 -18.4107
112 -18.4642
112.1 -18.5176
112.2 -18.5711
112.3 -18.6246
112.4 -18.6781
112.5 -18.7316
112.6 -18.7851
112.7 -18.8387
112.8 -18.8922
112.9 -18.9458
113 -18.9994
113.1 -19.053
113.2 -19.1066
113.3 -19.1602
113.4 -19.2138
113.5 -19.2674
113.6 -19.3211
113.7 -19.3747
113.8 -19.4284
113.9 -19.4821
114 -19.5358
114.1 -19.5895
114.2 -19.6432
114.3 -19.6969
114.4 -19.7506
114.5 -19.8044
114.6 -19.8581
114.7 -19.9119
114.8 -19.9656
114.9 -20.0194
115 -20.0732
115.1 -20.127
115.2 -20.1807
115.3 -20.2345
115.4 -20.2884
115.5 -20.3422
115.6 -20.396
115.7 -20.4498
115.8 -20.5036
115.9 -20.5575
116 -20.6113
116.1 -20.6652
116.2 -20.719
116.3 -20.7729
116.4 -20.8268
116.5 -20.8807
116.6 -20.9345
116.7 -20.9884
116.8 -21.0423
116.9 -21.0962
117 -21.1501
117.1 -21.204
117.2 -21.258
117.3 -21.3119
117.4 -21.3658
117.5 -21.4197
117.6 -21.4737
117.7 -21.5276
117.8 -21.5816
117.9 -21.6355
118 -21.6895
118.1 -21.7434
118.2 -21.7974
118.3 -21.8514
118.4 -21.9054
118.5 -21.9593
118.6 -22.0133
118.7 -22.0673
118.8 -22.1213
118.9 -22.1753
119 -22.2293
119.1 -22.2834
119.2 -22.3374
119.3 -22.3914
119.4 -22.4454
119.5 -22.4995
119.6 -22.5535
119.7 -22.6076
119.8 -22.6616
119.9 -22.7157
120 -22.7697
120.1 -22.8238
120.2 -22.8779
120.3 -22.932
120.4 -22.9861
120.5 -23.0401
120.6 -23.0942
120.7 -23.1484
120.8 -23.2025
120.9 -23.2566
121 -23.3107
121.1 -23.3649
121.2 -23.419
121.3 -23.4731
121.4 -23.5273
121.5 -23.5815
121.6 -23.6356
121.7 -23.6898
121.8 -23.744
121.9 -23.7982
122 -23.8524
122.1 -23.9066
122.2 -23.9608
122.3 -24.015
122.4 -24.0693
122.5 -24.1235
122.6 -24.1778
122.7 -24.232
122.8 -24.2863
122.9 -24.3406
123 -24.3948
123.1 -24.4491
123.2 -24.5035
123.3 -24.5578
123.4 -24.6121
123.5 -24.6664
123.6 -24.7208
123.7 -24.7751
123.8 -24.8295
123.9 -24.8839
124 -24.9383
124.1 -24.9927
124.2 -25.0471
124.3 -25.1015
124.4 -25.156
124.5 -25.2104
124.6 -25.2649
124.7 -25.3193
124.8 -25.3738
124.9 -25.4283
125 -25.4828
125.1 -25.5373
125.2 -25.5919
125.3 -25.6464
125.4 -25.701
125.5 -25.7556
125.6 -25.8102
125.7 -25.8648
125.8 -25.9194
125.9 -25.974
126 -26.0287
126.1 -26.0833
126.2 -26.138
126.3 -26.1927
126.4 -26.2474
126.5 -26.3021
126.6 -26.3569
126.7 -26.4116
126.8 -26.4664
126.9 -26.5212
127 -26.576
127.1 -26.6308
127.2 -26.6857
127.3 -26.7405
127.4 -26.7954
127.5 -26.8503
127.6 -26.9052
127.7 -26.9601
127.8 -27.0151
127.9 -27.07
128 -27.125
128.1 -27.18
128.2 -27.235
128.3 -27.29
128.4 -27.3451
128.5 -27.4002
128.6 -27.4552
128.7 -27.5103
128.8 -27.5655
128.9 -27.6206
129 -27.6758
129.1 -27.731
129.2 -27.7862
129.3 -27.8414
129.4 -27.8966
129.5 -27.9519
129.6 -28.0072
129.7 -28.0625
129.8 -28.1178
129.9 -28.1732
130 -28.2285
130.1 -28.2839
130.2 -28.3393
130.3 -28.3948
130.4 -28.4502
130.5 -28.5057
130.6 -28.5612
130.7 -28.6167
130.8 -28.6722
130.9 -28.7278
131 -28.7834
131.1 -28.839
131.2 -28.8946
131.3 -28.9502
131.4 -29.0059
131.5 -29.0616
131.6 -29.1173
131.7 -29.173
131.8 -29.2288
131.9 -29.2846
132 -29.3404
132.1 -29.3962
132.2 -29.452
132.3 -29.5079
132.4 -29.5638
132.5 -29.6197
132.6 -29.6757
132.7 -29.7316
132.8 -29.7876
132.9 -29.8436
133 -29.8996
133.1 -29.9557
133.2 -30.0118
133.3 -30.0679
133.4 -30.124
133.5 -30.1801
133.6 -30.2363
133.7 -30.2925
133.8 -30.3487
133.9 -30.405
134 -30.4612
134.1 -30.5175
134.2 -30.5738
134.3 -30.6302
134.4 -30.6865
134.5 -30.7429
134.6 -30.7993
134.7 -30.8557
134.8 -30.9122
134.9 -30.9687
135 -31.0252
135.1 -31.0817
135.2 -31.1382
135.3 -31.1948
135.4 -31.2514
135.5 -31.308
135.6 -31.3647
135.7 -31.4214
135.8 -31.478
135.9 -31.5348
136 -31.5915
136.1 -31.6483
136.2 -31.7051
136.3 -31.7619
136.4 -31.8187
136.5 -31.8756
136.6 -31.9325
136.7 -31.9894
136.8 -32.0463
136.9 -32.1033
137 -32.1603
137.1 -32.2173
137.2 -32.2743
137.3 -32.3314
137.4 -32.3885
137.5 -32.4456
137.6 -32.5027
137.7 -32.5599
137.8 -32.6171
137.9 -32.6743
138 -32.7315
138.1 -32.7888
138.2 -32.846
138.3 -32.9033
138.4 -32.9607
138.5 -33.018
138.6 -33.0754
138.7 -33.1328
138.8 -33.1903
138.9 -33.2477
139 -33.3052
139.1 -33.3627
139.2 -33.4203
139.3 -33.4778
139.4 -33.5354
139.5 -33.593
139.6 -33.6507
139.7 -33.7084
139.8 -33.7661
139.9 -33.8238
140 -33.8815
140.1 -33.9393
140.2 -33.9971
140.3 -34.0549
140.4 -34.1128
140.5 -34.1707
140.6 -34.2286
140.7 -34.2865
140.8 -34.3445
140.9 -34.4025
141 -34.4605
141.1 -34.5185
141.2 -34.5766
141.3 -34.6347
141.4 -34.6928
141.5 -34.751
141.6 -34.8092
141.7 -34.8674
141.8 -34.9256
141.9 -34.9839
142 -35.0422
142.1 -35.1006
142.2 -35.1589
142.3 -35.2173
142.4 -35.2757
142.5 -35.3342
142.6 -35.3927
142.7 -35.4512
142.8 -35.5097
142.9 -35.5683
143 -35.6269
143.1 -35.6856
143.2 -35.7442
143.3 -35.8029
143.4 -35.8617
143.5 -35.9204
143.6 -35.9792
143.7 -36.0381
143.8 -36.097
143.9 -36.1559
144 -36.2148
144.1 -36.2738
144.2 -36.3328
144.3 -36.3918
144.4 -36.4509
144.5 -36.51
144.6 -36.5691
144.7 -36.6283
144.8 -36.6875
144.9 -36.7468
145 -36.8061
145.1 -36.8654
145.2 -36.9247
145.3 -36.9841
145.4 -37.0436
145.5 -37.1031
145.6 -37.1626
145.7 -37.2221
145.8 -37.2817
145.9 -37.3414
146 -37.401
146.1 -37.4607
146.2 -37.5205
146.3 -37.5803
146.4 -37.6401
146.5 -37.7
146.6 -37.7599
146.7 -37.8199
146.8 -37.8799
146.9 -37.94
147 -38.0001
147.1 -38.0602
147.2 -38.1204
147.3 -38.1806
147.4 -38.2409
147.5 -38.3011
147.6 -38.3614
147.7 -38.4218
147.8 -38.4822
147.9 -38.5426
148 -38.6031
148.1 -38.6636
148.2 -38.7242
148.3 -38.7848
148.4 -38.8455
148.5 -38.9062
148.6 -38.9669
148.7 -39.0278
148.8 -39.0886
148.9 -39.1496
149 -39.2105
149.1 -39.2716
149.2 -39.3327
149.3 -39.3938
149.4 -39.455
149.5 -39.5163
149.6 -39.5776
149.7 -39.6389
149.8 -39.7004
149.9 -39.7619
150 -39.8234
150.1 -39.885
150.2 -39.9467
150.3 -40.0084
150.4 -40.0702
150.5 -40.132
150.6 -40.1939
150.7 -40.2559
150.8 -40.3179
150.9 -40.38
151 -40.4422
151.1 -40.5044
151.2 -40.5667
151.3 -40.6291
151.4 -40.6915
151.5 -40.754
151.6 -40.8166
151.7 -40.8792
151.8 -40.9419
151.9 -41.0047
152 -41.0675
152.1 -41.1304
152.2 -41.1934
152.3 -41.2565
152.4 -41.3196
152.5 -41.3828
152.6 -41.4461
152.7 -41.5095
152.8 -41.5729
152.9 -41.6364
153 -41.7
153.1 -41.7636
153.2 -41.8274
153.3 -41.8912
153.4 -41.9551
153.5 -42.0191
153.6 -42.0831
153.7 -42.1473
153.8 -42.2115
153.9 -42.2758
154 -42.3402
154.1 -42.4047
154.2 -42.4693
154.3 -42.5339
154.4 -42.5986
154.5 -42.6635
154.6 -42.7284
154.7 -42.7934
154.8 -42.8585
154.9 -42.9237
155 -42.9889
155.1 -43.0543
155.2 -43.1197
155.3 -43.1853
155.4 -43.2509
155.5 -43.3167
155.6 -43.3825
155.7 -43.4484
155.8 -43.5145
155.9 -43.5806
156 -43.6468
156.1 -43.7132
156.2 -43.7796
156.3 -43.8461
156.4 -43.9127
156.5 -43.9795
156.6 -44.0463
156.7 -44.1132
156.8 -44.1803
156.9 -44.2474
157 -44.3147
157.1 -44.382
157.2 -44.4495
157.3 -44.5171
157.4 -44.5848
157.5 -44.6526
157.6 -44.7205
157.7 -44.7885
157.8 -44.8567
157.9 -44.9249
158 -44.9933
158.1 -45.0618
158.2 -45.1304
158.3 -45.1991
158.4 -45.2679
158.5 -45.3369
158.6 -45.4059
158.7 -45.4751
158.8 -45.5444
158.9 -45.6139
159 -45.6834
159.1 -45.7531
159.2 -45.8229
159.3 -45.8928
159.4 -45.9629
159.5 -46.0331
159.6 -46.1034
159.7 -46.1738
159.8 -46.2444
159.9 -46.3151
160 -46.3859
160.1 -46.4569
160.2 -46.528
160.3 -46.5992
160.4 -46.6706
160.5 -46.7421
160.6 -46.8137
160.7 -46.8855
160.8 -46.9574
160.9 -47.0295
161 -47.1017
161.1 -47.174
161.2 -47.2465
161.3 -47.3191
161.4 -47.3919
161.5 -47.4648
161.6 -47.5378
161.7 -47.611
161.8 -47.6844
161.9 -47.7579
162 -47.8315
162.1 -47.9053
162.2 -47.9792
162.3 -48.0533
162.4 -48.1276
162.5 -48.202
162.6 -48.2765
162.7 -48.3512
162.8 -48.4261
162.9 -48.5011
163 -48.5763
163.1 -48.6516
163.2 -48.7271
163.3 -48.8028
163.4 -48.8786
163.5 -48.9546
163.6 -49.0307
163.7 -49.107
163.8 -49.1834
163.9 -49.2601
164 -49.3369
164.1 -49.4138
164.2 -49.491
164.3 -49.5682
164.4 -49.6457
164.5 -49.7233
164.6 -49.8011
164.7 -49.8791
164.8 -49.9573
164.9 -50.0356
165 -50.1141
165.1 -50.1928
165.2 -50.2716
165.3 -50.3506
165.4 -50.4298
165.5 -50.5092
165.6 -50.5887
165.7 -50.6685
165.8 -50.7484
165.9 -50.8285
166 -50.9087
166.1 -50.9892
166.2 -51.0698
166.3 -51.1507
166.4 -51.2317
166.5 -51.3128
166.6 -51.3942
166.7 -51.4758
166.8 -51.5576
166.9 -51.6395
167 -51.7217
167.1 -51.8041
167.2 -51.8867
167.3 -51.9694
167.4 -52.0524
167.5 -52.1356
167.6 -52.2189
167.7 -52.3025
167.8 -52.3862
167.9 -52.4701
168 -52.5543
168.1 -52.6386
168.2 -52.7231
168.3 -52.8078
168.4 -52.8927
168.5 -52.9779
168.6 -53.0632
168.7 -53.1487
168.8 -53.2344
168.9 -53.3203
169 -53.4064
169.1 -53.4927
169.2 -53.5792
169.3 -53.6659
169.4 -53.7528
169.5 -53.8399
169.6 -53.9273
169.7 -54.0148
169.8 -54.1025
169.9 -54.1904
170 -54.2785
170.1 -54.3668
170.2 -54.4554
170.3 -54.5441
170.4 -54.633
170.5 -54.7222
170.6 -54.8115
170.7 -54.901
170.8 -54.9908
170.9 -55.0807
171 -55.1709
171.1 -55.2613
171.2 -55.3518
171.3 -55.4426
171.4 -55.5335
171.5 -55.6247
171.6 -55.7161
171.7 -55.8077
171.8 -55.8994
171.9 -55.9914
172 -56.0836
172.1 -56.176
172.2 -56.2686
172.3 -56.3614
172.4 -56.4544
172.5 -56.5475
172.6 -56.6409
172.7 -56.7345
172.8 -56.8283
172.9 -56.9223
173 -57.0165
173.1 -57.1108
173.2 -57.2054
173.3 -57.3002
173.4 -57.3951
173.5 -57.4903
173.6 -57.5856
173.7 -57.6812
173.8 -57.7769
173.9 -57.8728
174 -57.9689
174.1 -58.0652
174.2 -58.1617
174.3 -58.2584
174.4 -58.3552
174.5 -58.4523
174.6 -58.5495
174.7 -58.6469
174.8 -58.7445
174.9 -58.8422
175 -58.9402
175.1 -59.0383
175.2 -59.1365
175.3 -59.235
175.4 -59.3336
175.5 -59.4324
175.6 -59.5313
175.7 -59.6304
175.8 -59.7297
175.9 -59.8292
176 -59.9288
176.1 -60.0285
176.2 -60.1284
176.3 -60.2285
176.4 -60.3287
176.5 -60.429
176.6 -60.5295
176.7 -60.6301
176.8 -60.7309
176.9 -60.8318
177 -60.9329
177.1 -61.034
177.2 -61.1353
177.3 -61.2368
177.4 -61.3383
177.5 -61.44
177.6 -61.5418
177.7 -61.6437
177.8 -61.7457
177.9 -61.8478
178 -61.95
178.1 -62.0524
178.2 -62.1548
178.3 -62.2573
178.4 -62.3599
178.5 -62.4626
178.6 -62.5654
178.7 -62.6682
178.8 -62.7712
178.9 -62.8742
179 -62.9772
179.1 -63.0804
179.2 -63.1836
179.3 -63.2868
179.4 -63.3901
179.5 -63.4935
179.6 -63.5968
179.7 -63.7003
179.8 -63.8037
179.9 -63.9072
180 -64.0107
180.1 -64.1143
180.2 -64.2178
180.3 -64.3214
180.4 -64.4249
180.5 -64.5285
180.6 -64.632
180.7 -64.7356
180.8 -64.8391
180.9 -64.9426
181 -65.0461
181.1 -65.1496
181.2 -65.253
181.3 -65.3564
181.4 -65.4597
181.5 -65.563
181.6 -65.6662
181.7 -65.7694
181.8 -65.8724
181.9 -65.9755
182 -66.0784
182.1 -66.1812
182.2 -66.284
182.3 -66.3867
182.4 -66.4892
182.5 -66.5917
182.6 -66.694
182.7 -66.7962
182.8 -66.8983
182.9 -67.0002
183 -67.1021
183.1 -67.2037
183.2 -67.3052
183.3 -67.4066
183.4 -67.5078
183.5 -67.6088
183.6 -67.7096
183.7 -67.8103
183.8 -67.9108
183.9 -68.0111
184 -68.1111
184.1 -68.211
184.2 -68.3107
184.3 -68.4101
184.4 -68.5093
184.5 -68.6083
184.6 -68.707
184.7 -68.8055
184.8 -68.9038
184.9 -69.0018
185 -69.0995
185.1 -69.1969
185.2 -69.2941
185.3 -69.391
185.4 -69.4876
185.5 -69.584
185.6 -69.68
185.7 -69.7757
185.8 -69.8711
185.9 -69.9662
186 -70.0609
186.1 -70.1554
186.2 -70.2495
186.3 -70.3432
186.4 -70.4366
186.5 -70.5297
186.6 -70.6224
186.7 -70.7148
186.8 -70.8067
186.9 -70.8983
187 -70.9896
187.1 -71.0804
187.2 -71.1708
187.3 -71.2609
187.4 -71.3506
187.5 -71.4398
187.6 -71.5287
187.7 -71.6171
187.8 -71.7051
187.9 -71.7927
188 -71.8799
188.1 -71.9666
188.2 -72.0529
188.3 -72.1388
188.4 -72.2242
188.5 -72.3092
188.6 -72.3937
188.7 -72.4778
188.8 -72.5614
188.9 -72.6445
189 -72.7272
189.1 -72.8094
189.2 -72.8911
189.3 -72.9724
189.4 -73.0531
189.5 -73.1334
189.6 -73.2133
189.7 -73.2926
189.8 -73.3714
189.9 -73.4497
190 -73.5276
190.1 -73.6049
190.2 -73.6818
190.3 -73.7581
190.4 -73.834
190.5 -73.9093
190.6 -73.9841
190.7 -74.0584
190.8 -74.1322
190.9 -74.2055
191 -74.2783
191.1 -74.3505
191.2 -74.4223
191.3 -74.4935
191.4 -74.5642
191.5 -74.6344
191.6 -74.704
191.7 -74.7732
191.8 -74.8418
191.9 -74.9099
192 -74.9774
192.1 -75.0445
192.2 -75.111
192.3 -75.177
192.4 -75.2425
192.5 -75.3074
192.6 -75.3718
192.7 -75.4357
192.8 -75.4991
192.9 -75.562
193 -75.6243
193.1 -75.6861
193.2 -75.7474
193.3 -75.8082
193.4 -75.8685
193.5 -75.9282
193.6 -75.9874
193.7 -76.0461
193.8 -76.1043
193.9 -76.162
194 -76.2192
194.1 -76.2758
194.2 -76.332
194.3 -76.3876
194.4 -76.4427
194.5 -76.4974
194.6 -76.5515
194.7 -76.6051
194.8 -76.6583
194.9 -76.7109
195 -76.763
195.1 -76.8147
195.2 -76.8659
195.3 -76.9167
195.4 -76.9671
195.5 -77.017
195.6 -77.0664
195.7 -77.1154
195.8 -77.1639
195.9 -77.2119
196 -77.2594
196.1 -77.3065
196.2 -77.3531
196.3 -77.3992
196.4 -77.4449
196.5 -77.4901
196.6 -77.5349
196.7 -77.5792
196.8 -77.623
196.9 -77.6664
197 -77.7094
197.1 -77.7519
197.2 -77.7939
197.3 -77.8356
197.4 -77.8767
197.5 -77.9175
197.6 -77.9578
197.7 -77.9977
197.8 -78.0372
197.9 -78.0763
198 -78.1149
198.1 -78.1531
198.2 -78.1909
198.3 -78.2283
198.4 -78.2653
198.5 -78.3019
198.6 -78.3381
198.7 -78.374
198.8 -78.4094
198.9 -78.4444
199 -78.479
199.1 -78.5133
199.2 -78.5472
199.3 -78.5807
199.4 -78.6138
199.5 -78.6466
199.6 -78.679
199.7 -78.711
199.8 -78.7427
199.9 -78.774
200 -78.8049
200.1 -78.8356
200.2 -78.8658
200.3 -78.8958
200.4 -78.9253
200.5 -78.9546
200.6 -78.9835
200.7 -79.0121
200.8 -79.0403
200.9 -79.0683
201 -79.0959
201.1 -79.1232
201.2 -79.1501
201.3 -79.1768
201.4 -79.2031
201.5 -79.2292
201.6 -79.2549
201.7 -79.2804
201.8 -79.3055
201.9 -79.3304
202 -79.3549
202.1 -79.3792
202.2 -79.4032
202.3 -79.4269
202.4 -79.4503
202.5 -79.4735
202.6 -79.4964
202.7 -79.519
202.8 -79.5413
202.9 -79.5634
203 -79.5852
203.1 -79.6068
203.2 -79.6281
203.3 -79.6491
203.4 -79.6699
203.5 -79.6905
203.6 -79.7108
203.7 -79.7308
203.8 -79.7507
203.9 -79.7702
204 -79.7896
204.1 -79.8087
204.2 -79.8276
204.3 -79.8463
204.4 -79.8647
204.5 -79.8829
204.6 -79.9009
204.7 -79.9187
204.8 -79.9362
204.9 -79.9536
205 -79.9707
205.1 -79.9877
205.2 -80.0044
205.3 -80.0209
205.4 -80.0373
205.5 -80.0534
205.6 -80.0693
205.7 -80.0851
205.8 -80.1006
205.9 -80.116
206 -80.1312
206.1 -80.1462
206.2 -80.161
206.3 -80.1756
206.4 -80.19
206.5 -80.2043
206.6 -80.2184
206.7 -80.2323
206.8 -80.2461
206.9 -80.2597
207 -80.2731
207.1 -80.2864
207.2 -80.2995
207.3 -80.3124
207.4 -80.3252
207.5 -80.3378
207.6 -80.3503
207.7 -80.3626
207.8 -80.3748
207.9 -80.3868
208 -80.3987
208.1 -80.4104
208.2 -80.422
208.3 -80.4335
208.4 -80.4448
208.5 -80.4559
208.6 -80.467
208.7 -80.4779
208.8 -80.4886
208.9 -80.4992
209 -80.5097
209.1 -80.5201
209.2 -80.5304
209.3 -80.5405
209.4 -80.5505
209.5 -80.5604
209.6 -80.5701
209.7 -80.5797
209.8 -80.5893
209.9 -80.5987
210 -80.6079
210.1 -80.6171
210.2 -80.6262
210.3 -80.6351
210.4 -80.644
210.5 -80.6527
210.6 -80.6613
210.7 -80.6698
210.8 -80.6783
210.9 -80.6866
211 -80.6948
211.1 -80.7029
211.2 -80.7109
211.3 -80.7188
211.4 -80.7266
211.5 -80.7344
211.6 -80.742
211.7 -80.7495
211.8 -80.757
211.9 -80.7643
212 -80.7716
212.1 -80.7788
212.2 -80.7858
212.3 -80.7928
212.4 -80.7998
212.5 -80.8066
212.6 -80.8133
212.7 -80.82
212.8 -80.8266
212.9 -80.8331
213 -80.8395
213.1 -80.8459
213.2 -80.8522
213.3 -80.8584
213.4 -80.8645
213.5 -80.8705
213.6 -80.8765
213.7 -80.8824
213.8 -80.8882
213.9 -80.894
214 -80.8997
214.1 -80.9053
214.2 -80.9109
214.3 -80.9163
214.4 -80.9218
214.5 -80.9271
214.6 -80.9324
214.7 -80.9376
214.8 -80.9428
214.9 -80.9479
215 -80.9529
215.1 -80.9579
215.2 -80.9628
215.3 -80.9677
215.4 -80.9725
215.5 -80.9773
215.6 -80.9819
215.7 -80.9866
215.8 -80.9912
215.9 -80.9957
216 -81.0001
216.1 -81.0046
216.2 -81.0089
216.3 -81.0132
216.4 -81.0175
216.5 -81.0217
216.6 -81.0259
216.7 -81.03
216.8 -81.034
216.9 -81.038
217 -81.042
217.1 -81.0459
217.2 -81.0498
217.3 -81.0536
217.4 -81.0574
217.5 -81.0611
217.6 -81.0648
217.7 -81.0684
217.8 -81.072
217.9 -81.0756
218 -81.0791
218.1 -81.0826
218.2 -81.086
218.3 -81.0894
218.4 -81.0928
218.5 -81.0961
218.6 -81.0994
218.7 -81.1026
218.8 -81.1058
218.9 -81.109
219 -81.1121
219.1 -81.1152
219.2 -81.1182
219.3 -81.1212
219.4 -81.1242
219.5 -81.1272
219.6 -81.1301
219.7 -81.1329
219.8 -81.1358
219.9 -81.1386
220 -81.1414
220.1 -81.1441
220.2 -81.1468
220.3 -81.1495
220.4 -81.1522
220.5 -81.1548
220.6 -81.1574
220.7 -81.1599
220.8 -81.1625
220.9 -81.165
221 -81.1674
221.1 -81.1699
221.2 -81.1723
221.3 -81.1747
221.4 -81.177
221.5 -81.1794
221.6 -81.1817
221.7 -81.1839
221.8 -81.1862
221.9 -81.1884
222 -81.1906
222.1 -81.1928
222.2 -81.1949
222.3 -81.1971
222.4 -81.1992
222.5 -81.2012
222.6 -81.2033
222.7 -81.2053
222.8 -81.2073
222.9 -81.2093
223 -81.2113
223.1 -81.2132
223.2 -81.2151
223.3 -81.217
223.4 -81.2189
223.5 -81.2208
223.6 -81.2226
223.7 -81.2244
223.8 -81.2262
223.9 -81.228
224 -81.2297
224.1 -81.2314
224.2 -81.2331
224.3 -81.2348
224.4 -81.2365
224.5 -81.2382
224.6 -81.2398
224.7 -81.2414
224.8 -81.243
224.9 -81.2446
225 -81.2462
225.1 -81.2477
225.2 -81.2492
225.3 -81.2507
225.4 -81.2522
225.5 -81.2537
225.6 -81.2552
225.7 -81.2566
225.8 -81.258
225.9 -81.2595
226 -81.2608
226.1 -81.2622
226.2 -81.2636
226.3 -81.2649
226.4 -81.2663
226.5 -81.2676
226.6 -81.2689
226.7 -81.2702
226.8 -81.2715
226.9 -81.2727
227 -81.274
227.1 -81.2752
227.2 -81.2765
227.3 -81.2777
227.4 -81.2789
227.5 -81.28
227.6 -81.2812
227.7 -81.2824
227.8 -81.2835
227.9 -81.2846
228 -81.2858
228.1 -81.2869
228.2 -81.288
228.3 -81.2891
228.4 -81.2901
228.5 -81.2912
228.6 -81.2922
228.7 -81.2933
228.8 -81.2943
228.9 -81.2953
229 -81.2963
229.1 -81.2973
229.2 -81.2983
229.3 -81.2993
229.4 -81.3002
229.5 -81.3012
229.6 -81.3021
229.7 -81.3031
229.8 -81.304
229.9 -81.3049
230 -81.3058
230.1 -81.3067
230.2 -81.3076
230.3 -81.3085
230.4 -81.3093
230.5 -81.3102
230.6 -81.311
230.7 -81.3119
230.8 -81.3127
230.9 -81.3135
231 -81.3143
231.1 -81.3151
231.2 -81.3159
231.3 -81.3167
231.4 -81.3175
231.5 -81.3183
231.6 -81.319
231.7 -81.3198
231.8 -81.3205
231.9 -81.3213
232 -81.322
232.1 -81.3227
232.2 -81.3234
232.3 -81.3242
232.4 -81.3249
232.5 -81.3256
232.6 -81.3262
232.7 -81.3269
232.8 -81.3276
232.9 -81.3283
233 -81.3289
233.1 -81.3296
233.2 -81.3302
233.3 -81.3309
233.4 -81.3315
233.5 -81.3321
233.6 -81.3327
233.7 -81.3334
233.8 -81.334
233.9 -81.3346
234 -81.3352
234.1 -81.3358
234.2 -81.3364
234.3 -81.3369
234.4 -81.3375
234.5 -81.3381
234.6 -81.3386
234.7 -81.3392
234.8 -81.3397
234.9 -81.3403
235 -81.3408
235.1 -81.3414
235.2 -81.3419
235.3 -81.3424
235.4 -81.3429
235.5 -81.3435
235.6 -81.344
235.7 -81.3445
235.8 -81.345
235.9 -81.3455
236 -81.346
236.1 -81.3464
236.2 -81.3469
236.3 -81.3474
236.4 -81.3479
236.5 -81.3483
236.6 -81.3488
236.7 -81.3493
236.8 -81.3497
236.9 -81.3502
237 -81.3506
237.1 -81.3511
237.2 -81.3515
237.3 -81.3519
237.4 -81.3524
237.5 -81.3528
237.6 -81.3532
237.7 -81.3536
237.8 -81.3541
237.9 -81.3545
238 -81.3549
238.1 -81.3553
238.2 -81.3557
238.3 -81.3561
238.4 -81.3565
238.5 -81.3569
238.6 -81.3572
238.7 -81.3576
238.8 -81.358
238.9 -81.3584
239 -81.3587
239.1 -81.3591
239.2 -81.3595
239.3 -81.3598
239.4 -81.3602
239.5 -81.3606
239.6 -81.3609
239.7 -81.3613
239.8 -81.3616
239.9 -81.362
240 -81.3623
240.1 -81.3626
240.2 -81.363
240.3 -81.3633
240.4 -81.3636
240.5 -81.364
240.6 -81.3643
240.7 -81.3646
240.8 -81.3649
240.9 -81.3652
241 -81.3656
241.1 -81.3659
241.2 -81.3662
241.3 -81.3665
241.4 -81.3668
241.5 -81.3671
241.6 -81.3674
241.7 -81.3677
241.8 -81.368
241.9 -81.3683
242 -81.3686
242.1 -81.3688
242.2 -81.3691
242.3 -81.3694
242.4 -81.3697
242.5 -81.37
242.6 -81.3702
242.7 -81.3705
242.8 -81.3708
242.9 -81.3711
243 -81.3713
243.1 -81.3716
243.2 -81.3718
243.3 -81.3721
243.4 -81.3724
243.5 -81.3726
243.6 -81.3729
243.7 -81.3731
243.8 -81.3734
243.9 -81.3736
244 -81.3739
244.1 -81.3741
244.2 -81.3744
244.3 -81.3746
244.4 -81.3749
244.5 -81.3751
244.6 -81.3753
244.7 -81.3756
244.8 -81.3758
244.9 -81.376
245 -81.3763
245.1 -81.3765
245.2 -81.3767
245.3 -81.377
245.4 -81.3772
245.5 -81.3774
245.6 -81.3776
245.7 -81.3778
245.8 -81.3781
245.9 -81.3783
246 -81.3785
246.1 -81.3787
246.2 -81.3789
246.3 -81.3791
246.4 -81.3793
246.5 -81.3795
246.6 -81.3798
246.7 -81.38
246.8 -81.3802
246.9 -81.3804
247 -81.3806
247.1 -81.3808
247.2 -81.381
247.3 -81.3812
247.4 -81.3814
247.5 -81.3816
247.6 -81.3818
247.7 -81.382
247.8 -81.3821
247.9 -81.3823
248 -81.3825
248.1 -81.3827
248.2 -81.3829
248.3 -81.3831
248.4 -81.3833
248.5 -81.3835
248.6 -81.3836
248.7 -81.3838
248.8 -81.384
248.9 -81.3842
249 -81.3844
249.1 -81.3846
249.2 -81.3847
249.3 -81.3849
249.4 -81.3851
249.5 -81.3853
249.6 -81.3854
249.7 -81.3856
249.8 -81.3858
249.9 -81.386
250 -81.3861
250.1 -81.3863
250.2 -81.3865
250.3 -81.3866
250.4 -81.3868
250.5 -81.387
250.6 -81.3871
250.7 -81.3873
250.8 -81.3875
250.9 -81.3876
251 -81.3878
251.1 -81.3879
251.2 -81.3881
251.3 -81.3883
251.4 -81.3884
251.5 -81.3886
251.6 -81.3887
251.7 -81.3889
251.8 -81.3891
251.9 -81.3892
252 -81.3894
252.1 -81.3895
252.2 -81.3897
252.3 -81.3898
252.4 -81.39
252.5 -81.3901
252.6 -81.3903
252.7 -81.3904
252.8 -81.3906
252.9 -81.3907
253 -81.3909
253.1 -81.391
253.2 -81.3912
253.3 -81.3913
253.4 -81.3915
253.5 -81.3916
253.6 -81.3918
253.7 -81.3919
253.8 -81.3921
253.9 -81.3922
254 -81.3923
254.1 -81.3925
254.2 -81.3926
254.3 -81.3928
254.4 -81.3929
254.5 -81.3931
254.6 -81.3932
254.7 -81.3933
254.8 -81.3935
254.9 -81.3936
255 -81.3938
255.1 -81.3939
255.2 -81.394
255.3 -81.3942
255.4 -81.3943
255.5 -81.3944
255.6 -81.3946
255.7 -81.3947
255.8 -81.3949
255.9 -81.395
256 -81.3951
256.1 -81.3953
256.2 -81.3954
256.3 -81.3955
256.4 -81.3957
256.5 -81.3958
256.6 -81.3959
256.7 -81.3961
256.8 -81.3962
256.9 -81.3963
257 -81.3964
257.1 -81.3966
257.2 -81.3967
257.3 -81.3968
257.4 -81.397
257.5 -81.3971
257.6 -81.3972
257.7 -81.3974
257.8 -81.3975
257.9 -81.3976
258 -81.3977
258.1 -81.3979
258.2 -81.398
258.3 -81.3981
258.4 -81.3982
258.5 -81.3984
258.6 -81.3985
258.7 -81.3986
258.8 -81.3987
258.9 -81.3989
259 -81.399
259.1 -81.3991
259.2 -81.3992
259.3 -81.3994
259.4 -81.3995
259.5 -81.3996
259.6 -81.3997
259.7 -81.3999
259.8 -81.4
259.9 -81.4001
260 -81.4002
260.1 -81.4004
260.2 -81.4005
260.3 -81.4006
260.4 -81.4007
260.5 -81.4008
260.6 -81.401
260.7 -81.4011
260.8 -81.4012
260.9 -81.4013
261 -81.4014
261.1 -81.4016
261.2 -81.4017
261.3 -81.4018
261.4 -81.4019
261.5 -81.402
261.6 -81.4022
261.7 -81.4023
261.8 -81.4024
261.9 -81.4025
262 -81.4026
262.1 -81.4028
262.2 -81.4029
262.3 -81.403
262.4 -81.4031
262.5 -81.4032
262.6 -81.4033
262.7 -81.4035
262.8 -81.4036
262.9 -81.4037
263 -81.4038
263.1 -81.4039
263.2 -81.404
263.3 -81.4042
263.4 -81.4043
263.5 -81.4044
263.6 -81.4045
263.7 -81.4046
263.8 -81.4047
263.9 -81.4049
264 -81.405
264.1 -81.4051
264.2 -81.4052
264.3 -81.4053
264.4 -81.4054
264.5 -81.4056
264.6 -81.4057
264.7 -81.4058
264.8 -81.4059
264.9 -81.406
265 -81.4061
265.1 -81.4062
265.2 -81.4064
265.3 -81.4065
265.4 -81.4066
265.5 -81.4067
265.6 -81.4068
265.7 -81.4069
265.8 -81.4071
265.9 -81.4072
266 -81.4073
266.1 -81.4074
266.2 -81.4075
266.3 -81.4076
266.4 -81.4077
266.5 -81.4078
266.6 -81.408
266.7 -81.4081
266.8 -81.4082
266.9 -81.4083
267 -81.4084
267.1 -81.4085
267.2 -81.4086
267.3 -81.4088
267.4 -81.4089
267.5 -81.409
267.6 -81.4091
267.7 -81.4092
267.8 -81.4093
267.9 -81.4094
268 -81.4095
268.1 -81.4097
268.2 -81.4098
268.3 -81.4099
268.4 -81.41
268.5 -81.4101
268.6 -81.4102
268.7 -81.4103
268.8 -81.4104
268.9 -81.4106
269 -81.4107
269.1 -81.4108
269.2 -81.4109
269.3 -81.411
269.4 -81.4111
269.5 -81.4112
269.6 -81.4113
269.7 -81.4115
269.8 -81.4116
269.9 -81.4117
270 -81.4118
270.1 -81.4119
270.2 -81.412
270.3 -81.4121
270.4 -81.4122
270.5 -81.4124
270.6 -81.4125
270.7 -81.4126
270.8 -81.4127
270.9 -81.4128
271 -81.4129
271.1 -81.413
271.2 -81.4131
271.3 -81.4132
271.4 -81.4134
271.5 -81.4135
271.6 -81.4136
271.7 -81.4137
271.8 -81.4138
271.9 -81.4139
272 -81.414
272.1 -81.4141
272.2 -81.4143
272.3 -81.4144
272.4 -81.4145
272.5 -81.4146
272.6 -81.4147
272.7 -81.4148
272.8 -81.4149
272.9 -81.415
273 -81.4151
273.1 -81.4153
273.2 -81.4154
273.3 -81.4155
273.4 -81.4156
273.5 -81.4157
273.6 -81.4158
273.7 -81.4159
273.8 -81.416
273.9 -81.4161
274 -81.4163
274.1 -81.4164
274.2 -81.4165
274.3 -81.4166
274.4 -81.4167
274.5 -81.4168
274.6 -81.4169
274.7 -81.417
274.8 -81.4172
274.9 -81.4173
275 -81.4174
275.1 -81.4175
275.2 -81.4176
275.3 -81.4177
275.4 -81.4178
275.5 -81.4179
275.6 -81.418
275.7 -81.4182
275.8 -81.4183
275.9 -81.4184
276 -81.4185
276.1 -81.4186
276.2 -81.4187
276.3 -81.4188
276.4 -81.4189
276.5 -81.4191
276.6 -81.4192
276.7 -81.4193
276.8 -81.4194
276.9 -81.4195
277 -81.4196
277.1 -81.4197
277.2 -81.4198
277.3 -81.4199
277.4 -81.4201
277.5 -81.4202
277.6 -81.4203
277.7 -81.4204
277.8 -81.4205
277.9 -81.4206
278 -81.4207
278.1 -81.4208
278.2 -81.421
278.3 -81.4211
278.4 -81.4212
278.5 -81.4213
278.6 -81.4214
278.7 -81.4215
278.8 -81.4216
278.9 -81.4217
279 -81.4218
279.1 -81.422
279.2 -81.4221
279.3 -81.4222
279.4 -81.4223
279.5 -81.4224
279.6 -81.4225
279.7 -81.4226
279.8 -81.4227
279.9 -81.4229
280 -81.423
280.1 -81.4231
280.2 -81.4232
280.3 -81.4233
280.4 -81.4234
280.5 -81.4235
280.6 -81.4236
280.7 -81.4238
280.8 -81.4239
280.9 -81.424
281 -81.4241
281.1 -81.4242
281.2 -81.4243
281.3 -81.4244
281.4 -81.4245
281.5 -81.4247
281.6 -81.4248
281.7 -81.4249
281.8 -81.425
281.9 -81.4251
282 -81.4252
282.1 -81.4253
282.2 -81.4254
282.3 -81.4256
282.4 -81.4257
282.5 -81.4258
282.6 -81.4259
282.7 -81.426
282.8 -81.4261
282.9 -81.4262
283 -81.4263
283.1 -81.4265
283.2 -81.4266
283.3 -81.4267
283.4 -81.4268
283.5 -81.4269
283.6 -81.427
283.7 -81.4271
283.8 -81.4273
283.9 -81.4274
284 -81.4275
284.1 -81.4276
284.2 -81.4277
284.3 -81.4278
284.4 -81.4279
284.5 -81.428
284.6 -81.4282
284.7 -81.4283
284.8 -81.4284
284.9 -81.4285
285 -81.4286
285.1 -81.4287
285.2 -81.4288
285.3 -81.429
285.4 -81.4291
285.5 -81.4292
285.6 -81.4293
285.7 -81.4294
285.8 -81.4295
285.9 -81.4296
286 -81.4297
286.1 -81.4299
286.2 -81.43
286.3 -81.4301
286.4 -81.4302
286.5 -81.4303
286.6 -81.4304
286.7 -81.4305
286.8 -81.4307
286.9 -81.4308
287 -81.4309
287.1 -81.431
287.2 -81.4311
287.3 -81.4312
287.4 -81.4313
287.5 -81.4315
287.6 -81.4316
287.7 -81.4317
287.8 -81.4318
287.9 -81.4319
288 -81.432
288.1 -81.4321
288.2 -81.4323
288.3 -81.4324
288.4 -81.4325
288.5 -81.4326
288.6 -81.4327
288.7 -81.4328
288.8 -81.4329
288.9 -81.4331
289 -81.4332
289.1 -81.4333
289.2 -81.4334
289.3 -81.4335
289.4 -81.4336
289.5 -81.4337
289.6 -81.4339
289.7 -81.434
289.8 -81.4341
289.9 -81.4342
290 -81.4343
290.1 -81.4344
290.2 -81.4345
290.3 -81.4347
290.4 -81.4348
290.5 -81.4349
290.6 -81.435
290.7 -81.4351
290.8 -81.4352
290.9 -81.4353
291 -81.4355
291.1 -81.4356
291.2 -81.4357
291.3 -81.4358
291.4 -81.4359
291.5 -81.436
291.6 -81.4361
291.7 -81.4363
291.8 -81.4364
291.9 -81.4365
292 -81.4366
292.1 -81.4367
292.2 -81.4368
292.3 -81.437
292.4 -81.4371
292.5 -81.4372
292.6 -81.4373
292.7 -81.4374
292.8 -81.4375
292.9 -81.4376
293 -81.4378
293.1 -81.4379
293.2 -81.438
293.3 -81.4381
293.4 -81.4382
293.5 -81.4383
293.6 -81.4385
293.7 -81.4386
293.8 -81.4387
293.9 -81.4388
294 -81.4389
294.1 -81.439
294.2 -81.4391
294.3 -81.4393
294.4 -81.4394
294.5 -81.4395
294.6 -81.4396
294.7 -81.4397
294.8 -81.4398
294.9 -81.44
295 -81.4401
295.1 -81.4402
295.2 -81.4403
295.3 -81.4404
295.4 -81.4405
295.5 -81.4406
295.6 -81.4408
295.7 -81.4409
295.8 -81.441
295.9 -81.4411
296 -81.4412
296.1 -81.4413
296.2 -81.4415
296.3 -81.4416
296.4 -81.4417
296.5 -81.4418
296.6 -81.4419
296.7 -81.442
296.8 -81.4422
296.9 -81.4423
297 -81.4424
297.1 -81.4425
297.2 -81.4426
297.3 -81.4427
297.4 -81.4429
297.5 -81.443
297.6 -81.4431
297.7 -81.4432
297.8 -81.4433
297.9 -81.4434
298 -81.4436
298.1 -81.4437
298.2 -81.4438
298.3 -81.4439
298.4 -81.444
298.5 -81.4441
298.6 -81.4443
298.7 -81.4444
298.8 -81.4445
298.9 -81.4446
299 -81.4447
299.1 -81.4448
299.2 -81.4449
299.3 -81.4451
299.4 -81.4452
299.5 -81.4453
299.6 -81.4454
299.7 -81.4455
299.8 -81.4456
299.9 -81.4458
